[Connect DataFile][2.1]
Date:	4/20/2022
Time:	11:47:44
Unit:	°C
Resolution:	0.200/0.100
Values:	12
SnapshotTrigger:	0	0.0
MeasurementTrigger:	0	0.0
Time	TProc	TInt	TBox	TAvg	T_2C	T_1C	Attenuation	Eps.	Value	Vcc	TAmb	TAct	CompressionIdx	Time absolute	ImageIdx	ImageValue
000:00:00.000	95.4	75.7	31.0	95.4	0.0	0.0	0.0	0.000	0.000	0.000	0.0	0.0		11:47:44:952		
000:00:00.200	95.4	75.7	31.0	95.4	0.0	0.0	0.0	0.000	0.000	0.000	0.0	0.0		11:47:45:152		
000:00:00.400	95.4	75.7	31.0	95.4	0.0	0.0	0.0	0.000	0.000	0.000	0.0	0.0		11:47:45:352		
000:00:00.600	94.3	75.7	31.0	94.3	0.0	0.0	0.0	0.000	0.000	0.000	0.0	0.0		11:47:45:552		
000:00:00.800	94.8	75.7	31.0	94.8	0.0	0.0	0.0	0.000	0.000	0.000	0.0	0.0		11:47:45:752		
000:00:01.000	95.3	75.7	31.0	95.3	0.0	0.0	0.0	0.000	0.000	0.000	0.0	0.0		11:47:45:952		
000:00:01.200	95.3	75.7	31.0	95.2	0.0	0.0	0.0	0.000	0.000	0.000	0.0	0.0		11:47:46:152		
000:00:01.400	95.2	75.7	31.0	95.1	0.0	0.0	0.0	0.000	0.000	0.000	0.0	0.0		11:47:46:352		
000:00:01.600	95.1	75.7	31.0	95.1	0.0	0.0	0.0	0.000	0.000	0.000	0.0	0.0		11:47:46:552		
000:00:01.800	95.3	75.7	31.0	95.3	0.0	0.0	0.0	0.000	0.000	0.000	0.0	0.0		11:47:46:752		
000:00:02.000	95.4	75.7	31.0	95.4	0.0	0.0	0.0	0.000	0.000	0.000	0.0	0.0		11:47:46:952		
000:00:02.200	94.4	75.7	31.0	94.4	0.0	0.0	0.0	0.000	0.000	0.000	0.0	0.0		11:47:47:152		
000:00:02.400	94.4	75.7	31.0	94.4	0.0	0.0	0.0	0.000	0.000	0.000	0.0	0.0		11:47:47:352		
000:00:02.600	94.4	75.7	31.0	94.5	0.0	0.0	0.0	0.000	0.000	0.000	0.0	0.0		11:47:47:552		
000:00:02.800	95.2	75.7	31.0	95.2	0.0	0.0	0.0	0.000	0.000	0.000	0.0	0.0		11:47:47:752		
000:00:03.000	95.2	75.7	31.0	95.3	0.0	0.0	0.0	0.000	0.000	0.000	0.0	0.0		11:47:47:952		
000:00:03.200	95.2	75.7	31.0	95.3	0.0	0.0	0.0	0.000	0.000	0.000	0.0	0.0		11:47:48:152		
000:00:03.400	95.2	75.7	31.0	95.2	0.0	0.0	0.0	0.000	0.000	0.000	0.0	0.0		11:47:48:352		
000:00:03.600	95.6	75.7	31.0	95.5	0.0	0.0	0.0	0.000	0.000	0.000	0.0	0.0		11:47:48:552		
000:00:03.800	95.6	75.7	31.0	95.6	0.0	0.0	0.0	0.000	0.000	0.000	0.0	0.0		11:47:48:752		
000:00:04.000	95.6	75.7	31.0	95.6	0.0	0.0	0.0	0.000	0.000	0.000	0.0	0.0		11:47:48:952		
000:00:04.200	95.5	75.7	31.0	95.5	0.0	0.0	0.0	0.000	0.000	0.000	0.0	0.0		11:47:49:152		
000:00:04.400	95.4	75.7	31.0	95.4	0.0	0.0	0.0	0.000	0.000	0.000	0.0	0.0		11:47:49:352		
000:00:04.600	95.3	75.7	31.0	95.3	0.0	0.0	0.0	0.000	0.000	0.000	0.0	0.0		11:47:49:552		
000:00:04.800	95.3	75.7	31.0	95.3	0.0	0.0	0.0	0.000	0.000	0.000	0.0	0.0		11:47:49:752		
000:00:05.000	94.9	75.7	31.0	94.9	0.0	0.0	0.0	0.000	0.000	0.000	0.0	0.0		11:47:49:952		
000:00:05.200	94.8	75.7	31.0	94.8	0.0	0.0	0.0	0.000	0.000	0.000	0.0	0.0		11:47:50:152		
000:00:05.400	94.8	75.7	31.0	94.7	0.0	0.0	0.0	0.000	0.000	0.000	0.0	0.0		11:47:50:352		
000:00:05.600	95.1	75.7	31.0	95.1	0.0	0.0	0.0	0.000	0.000	0.000	0.0	0.0		11:47:50:552		
000:00:05.800	94.5	75.7	31.0	94.5	0.0	0.0	0.0	0.000	0.000	0.000	0.0	0.0		11:47:50:752		
000:00:06.000	94.5	75.7	31.0	94.5	0.0	0.0	0.0	0.000	0.000	0.000	0.0	0.0		11:47:50:952		
000:00:06.200	94.4	75.7	31.0	94.4	0.0	0.0	0.0	0.000	0.000	0.000	0.0	0.0		11:47:51:152		
000:00:06.400	95.1	75.7	31.0	95.2	0.0	0.0	0.0	0.000	0.000	0.000	0.0	0.0		11:47:51:352		
000:00:06.600	95.2	75.7	31.0	95.2	0.0	0.0	0.0	0.000	0.000	0.000	0.0	0.0		11:47:51:552		
000:00:06.800	95.3	75.7	31.0	95.2	0.0	0.0	0.0	0.000	0.000	0.000	0.0	0.0		11:47:51:752		
000:00:07.000	95.0	75.7	31.0	95.0	0.0	0.0	0.0	0.000	0.000	0.000	0.0	0.0		11:47:51:952		
000:00:07.200	95.3	75.7	31.0	95.3	0.0	0.0	0.0	0.000	0.000	0.000	0.0	0.0		11:47:52:152		
000:00:07.400	94.8	75.7	31.0	94.8	0.0	0.0	0.0	0.000	0.000	0.000	0.0	0.0		11:47:52:352		
000:00:07.600	94.3	75.7	31.0	94.2	0.0	0.0	0.0	0.000	0.000	0.000	0.0	0.0		11:47:52:552		
000:00:07.800	94.9	75.7	31.0	95.0	0.0	0.0	0.0	0.000	0.000	0.000	0.0	0.0		11:47:52:752		
000:00:08.000	95.5	75.7	31.0	95.5	0.0	0.0	0.0	0.000	0.000	0.000	0.0	0.0		11:47:52:952		
000:00:08.200	95.2	75.7	31.0	95.3	0.0	0.0	0.0	0.000	0.000	0.000	0.0	0.0		11:47:53:152		
000:00:08.400	94.9	75.7	31.0	95.0	0.0	0.0	0.0	0.000	0.000	0.000	0.0	0.0		11:47:53:352		
000:00:08.600	95.2	75.7	31.0	95.3	0.0	0.0	0.0	0.000	0.000	0.000	0.0	0.0		11:47:53:552		
000:00:08.800	95.2	75.7	31.0	95.2	0.0	0.0	0.0	0.000	0.000	0.000	0.0	0.0		11:47:53:752		
000:00:09.000	95.2	75.7	31.0	95.1	0.0	0.0	0.0	0.000	0.000	0.000	0.0	0.0		11:47:53:952		
000:00:09.200	94.3	75.7	31.0	94.2	0.0	0.0	0.0	0.000	0.000	0.000	0.0	0.0		11:47:54:152		
000:00:09.400	94.6	75.7	31.0	94.9	0.0	0.0	0.0	0.000	0.000	0.000	0.0	0.0		11:47:54:352		
000:00:09.600	94.9	75.7	31.0	95.1	0.0	0.0	0.0	0.000	0.000	0.000	0.0	0.0		11:47:54:552		
000:00:09.800	95.2	75.7	31.0	95.2	0.0	0.0	0.0	0.000	0.000	0.000	0.0	0.0		11:47:54:752		
000:00:10.000	95.1	75.7	31.0	95.2	0.0	0.0	0.0	0.000	0.000	0.000	0.0	0.0		11:47:54:952		
000:00:10.200	95.2	75.7	31.0	95.3	0.0	0.0	0.0	0.000	0.000	0.000	0.0	0.0		11:47:55:152		
000:00:10.400	95.3	75.7	31.0	95.3	0.0	0.0	0.0	0.000	0.000	0.000	0.0	0.0		11:47:55:352		
000:00:10.600	95.4	75.7	31.0	95.4	0.0	0.0	0.0	0.000	0.000	0.000	0.0	0.0		11:47:55:552		
000:00:10.800	95.5	75.7	31.0	95.4	0.0	0.0	0.0	0.000	0.000	0.000	0.0	0.0		11:47:55:752		
000:00:11.000	95.4	75.7	31.0	95.4	0.0	0.0	0.0	0.000	0.000	0.000	0.0	0.0		11:47:55:952		
000:00:11.200	95.3	75.7	31.0	95.3	0.0	0.0	0.0	0.000	0.000	0.000	0.0	0.0		11:47:56:152		
000:00:11.400	95.4	75.7	31.0	95.5	0.0	0.0	0.0	0.000	0.000	0.000	0.0	0.0		11:47:56:352		
000:00:11.600	95.2	75.7	31.0	95.2	0.0	0.0	0.0	0.000	0.000	0.000	0.0	0.0		11:47:56:552		
000:00:11.800	94.9	75.7	31.0	94.8	0.0	0.0	0.0	0.000	0.000	0.000	0.0	0.0		11:47:56:752		
000:00:12.000	95.2	75.7	31.0	95.1	0.0	0.0	0.0	0.000	0.000	0.000	0.0	0.0		11:47:56:952		
000:00:12.200	94.9	75.7	31.0	94.9	0.0	0.0	0.0	0.000	0.000	0.000	0.0	0.0		11:47:57:152		
000:00:12.400	94.8	75.7	31.0	94.7	0.0	0.0	0.0	0.000	0.000	0.000	0.0	0.0		11:47:57:352		
000:00:12.600	94.6	75.7	31.0	94.5	0.0	0.0	0.0	0.000	0.000	0.000	0.0	0.0		11:47:57:552		
000:00:12.800	94.4	75.7	31.0	94.4	0.0	0.0	0.0	0.000	0.000	0.000	0.0	0.0		11:47:57:752		
000:00:13.000	94.4	75.7	31.0	94.4	0.0	0.0	0.0	0.000	0.000	0.000	0.0	0.0		11:47:57:952		
000:00:13.200	94.4	75.7	31.0	94.5	0.0	0.0	0.0	0.000	0.000	0.000	0.0	0.0		11:47:58:152		
000:00:13.400	95.4	75.7	31.0	95.4	0.0	0.0	0.0	0.000	0.000	0.000	0.0	0.0		11:47:58:352		
000:00:13.600	95.3	75.7	31.0	95.2	0.0	0.0	0.0	0.000	0.000	0.000	0.0	0.0		11:47:58:552		
000:00:13.800	95.1	75.7	31.0	95.0	0.0	0.0	0.0	0.000	0.000	0.000	0.0	0.0		11:47:58:752		
000:00:14.000	95.4	75.7	31.0	95.4	0.0	0.0	0.0	0.000	0.000	0.000	0.0	0.0		11:47:58:952		
000:00:14.200	94.8	75.7	31.0	94.7	0.0	0.0	0.0	0.000	0.000	0.000	0.0	0.0		11:47:59:152		
000:00:14.400	94.6	75.8	31.0	94.7	0.0	0.0	0.0	0.000	0.000	0.000	0.0	0.0		11:47:59:352		
000:00:14.600	94.4	75.8	31.0	94.7	0.0	0.0	0.0	0.000	0.000	0.000	0.0	0.0		11:47:59:552		
000:00:14.800	95.5	75.8	31.0	95.6	0.0	0.0	0.0	0.000	0.000	0.000	0.0	0.0		11:47:59:752		
000:00:15.000	95.4	75.8	31.0	95.4	0.0	0.0	0.0	0.000	0.000	0.000	0.0	0.0		11:47:59:952		
000:00:15.200	95.3	75.8	31.0	95.2	0.0	0.0	0.0	0.000	0.000	0.000	0.0	0.0		11:48:00:152		
000:00:15.400	95.1	75.8	31.0	95.2	0.0	0.0	0.0	0.000	0.000	0.000	0.0	0.0		11:48:00:352		
000:00:15.600	95.3	75.8	31.0	95.3	0.0	0.0	0.0	0.000	0.000	0.000	0.0	0.0		11:48:00:552		
000:00:15.800	95.5	75.8	31.0	95.4	0.0	0.0	0.0	0.000	0.000	0.000	0.0	0.0		11:48:00:752		
000:00:16.000	94.4	75.8	31.0	94.4	0.0	0.0	0.0	0.000	0.000	0.000	0.0	0.0		11:48:00:952		
000:00:16.200	94.1	75.8	31.0	94.1	0.0	0.0	0.0	0.000	0.000	0.000	0.0	0.0		11:48:01:152		
000:00:16.400	94.7	75.8	31.0	94.7	0.0	0.0	0.0	0.000	0.000	0.000	0.0	0.0		11:48:01:352		
000:00:16.600	95.3	75.8	31.0	95.3	0.0	0.0	0.0	0.000	0.000	0.000	0.0	0.0		11:48:01:552		
000:00:16.800	95.2	75.8	31.0	95.3	0.0	0.0	0.0	0.000	0.000	0.000	0.0	0.0		11:48:01:752		
000:00:17.000	95.3	75.8	31.0	95.3	0.0	0.0	0.0	0.000	0.000	0.000	0.0	0.0		11:48:01:952		
000:00:17.200	95.3	75.8	31.0	95.2	0.0	0.0	0.0	0.000	0.000	0.000	0.0	0.0		11:48:02:152		
000:00:17.400	95.7	75.8	31.0	95.7	0.0	0.0	0.0	0.000	0.000	0.000	0.0	0.0		11:48:02:352		
000:00:17.600	95.5	75.8	31.0	95.5	0.0	0.0	0.0	0.000	0.000	0.000	0.0	0.0		11:48:02:552		
000:00:17.800	95.6	75.8	31.0	95.6	0.0	0.0	0.0	0.000	0.000	0.000	0.0	0.0		11:48:02:752		
000:00:18.000	95.6	75.8	31.0	95.6	0.0	0.0	0.0	0.000	0.000	0.000	0.0	0.0		11:48:02:952		
000:00:18.200	95.5	75.8	31.0	95.4	0.0	0.0	0.0	0.000	0.000	0.000	0.0	0.0		11:48:03:152		
000:00:18.400	95.3	75.8	31.0	95.4	0.0	0.0	0.0	0.000	0.000	0.000	0.0	0.0		11:48:03:352		
000:00:18.600	95.2	75.8	31.0	95.3	0.0	0.0	0.0	0.000	0.000	0.000	0.0	0.0		11:48:03:552		
000:00:18.800	94.9	75.8	31.0	94.9	0.0	0.0	0.0	0.000	0.000	0.000	0.0	0.0		11:48:03:752		
000:00:19.000	94.9	75.8	31.0	94.8	0.0	0.0	0.0	0.000	0.000	0.000	0.0	0.0		11:48:03:952		
000:00:19.200	94.9	75.8	31.0	94.7	0.0	0.0	0.0	0.000	0.000	0.000	0.0	0.0		11:48:04:152		
000:00:19.400	95.1	75.8	31.0	95.1	0.0	0.0	0.0	0.000	0.000	0.000	0.0	0.0		11:48:04:352		
000:00:19.600	94.8	75.8	31.0	94.8	0.0	0.0	0.0	0.000	0.000	0.000	0.0	0.0		11:48:04:552		
000:00:19.800	94.4	75.8	31.0	94.4	0.0	0.0	0.0	0.000	0.000	0.000	0.0	0.0		11:48:04:752		
000:00:20.000	94.3	75.8	31.0	94.4	0.0	0.0	0.0	0.000	0.000	0.000	0.0	0.0		11:48:04:952		
000:00:20.200	95.3	75.8	31.0	95.3	0.0	0.0	0.0	0.000	0.000	0.000	0.0	0.0		11:48:05:152		
000:00:20.400	95.3	75.8	31.0	95.3	0.0	0.0	0.0	0.000	0.000	0.000	0.0	0.0		11:48:05:352		
000:00:20.600	95.3	75.8	31.0	95.3	0.0	0.0	0.0	0.000	0.000	0.000	0.0	0.0		11:48:05:552		
000:00:20.800	95.3	75.8	31.0	95.3	0.0	0.0	0.0	0.000	0.000	0.000	0.0	0.0		11:48:05:752		
000:00:21.000	95.2	75.8	31.0	95.2	0.0	0.0	0.0	0.000	0.000	0.000	0.0	0.0		11:48:05:952		
000:00:21.200	95.1	75.8	31.0	95.0	0.0	0.0	0.0	0.000	0.000	0.000	0.0	0.0		11:48:06:152		
000:00:21.400	94.1	75.8	31.0	94.3	0.0	0.0	0.0	0.000	0.000	0.000	0.0	0.0		11:48:06:352		
000:00:21.600	94.7	75.8	31.0	94.8	0.0	0.0	0.0	0.000	0.000	0.000	0.0	0.0		11:48:06:552		
000:00:21.800	95.3	75.8	31.0	95.3	0.0	0.0	0.0	0.000	0.000	0.000	0.0	0.0		11:48:06:752		
000:00:22.000	95.3	75.8	31.0	95.3	0.0	0.0	0.0	0.000	0.000	0.000	0.0	0.0		11:48:06:952		
000:00:22.200	95.0	75.8	31.0	95.0	0.0	0.0	0.0	0.000	0.000	0.000	0.0	0.0		11:48:07:152		
000:00:22.400	95.2	75.8	31.0	95.2	0.0	0.0	0.0	0.000	0.000	0.000	0.0	0.0		11:48:07:352		
000:00:22.600	95.4	75.8	31.0	95.4	0.0	0.0	0.0	0.000	0.000	0.000	0.0	0.0		11:48:07:552		
000:00:22.800	94.4	75.8	31.0	94.3	0.0	0.0	0.0	0.000	0.000	0.000	0.0	0.0		11:48:07:752		
000:00:23.000	94.2	75.8	31.0	94.1	0.0	0.0	0.0	0.000	0.000	0.000	0.0	0.0		11:48:07:952		
000:00:23.200	93.9	75.8	31.0	93.9	0.0	0.0	0.0	0.000	0.000	0.000	0.0	0.0		11:48:08:152		
000:00:23.400	95.2	75.9	31.0	95.2	0.0	0.0	0.0	0.000	0.000	0.000	0.0	0.0		11:48:08:352		
000:00:23.600	95.3	75.9	31.0	95.3	0.0	0.0	0.0	0.000	0.000	0.000	0.0	0.0		11:48:08:552		
000:00:23.800	95.3	75.9	31.0	95.3	0.0	0.0	0.0	0.000	0.000	0.000	0.0	0.0		11:48:08:752		
000:00:24.000	95.5	75.9	31.0	95.4	0.0	0.0	0.0	0.000	0.000	0.000	0.0	0.0		11:48:08:952		
000:00:24.200	95.4	75.9	31.0	95.4	0.0	0.0	0.0	0.000	0.000	0.000	0.0	0.0		11:48:09:152		
000:00:24.400	95.5	75.9	31.0	95.5	0.0	0.0	0.0	0.000	0.000	0.000	0.0	0.0		11:48:09:352		
000:00:24.600	95.5	75.9	31.0	95.5	0.0	0.0	0.0	0.000	0.000	0.000	0.0	0.0		11:48:09:552		
000:00:24.800	95.7	75.9	31.0	95.7	0.0	0.0	0.0	0.000	0.000	0.000	0.0	0.0		11:48:09:752		
000:00:25.000	95.5	75.9	31.0	95.5	0.0	0.0	0.0	0.000	0.000	0.000	0.0	0.0		11:48:09:952		
000:00:25.200	95.3	75.9	31.0	95.3	0.0	0.0	0.0	0.000	0.000	0.000	0.0	0.0		11:48:10:152		
000:00:25.400	95.4	75.9	31.0	95.3	0.0	0.0	0.0	0.000	0.000	0.000	0.0	0.0		11:48:10:352		
000:00:25.600	94.9	75.9	31.0	94.9	0.0	0.0	0.0	0.000	0.000	0.000	0.0	0.0		11:48:10:552		
000:00:25.800	94.8	75.9	31.0	94.8	0.0	0.0	0.0	0.000	0.000	0.000	0.0	0.0		11:48:10:752		
000:00:26.000	94.7	75.9	31.0	94.6	0.0	0.0	0.0	0.000	0.000	0.000	0.0	0.0		11:48:10:952		
000:00:26.200	94.5	75.9	31.0	94.4	0.0	0.0	0.0	0.000	0.000	0.000	0.0	0.0		11:48:11:152		
000:00:26.400	94.4	75.9	31.0	94.4	0.0	0.0	0.0	0.000	0.000	0.000	0.0	0.0		11:48:11:352		
000:00:26.600	94.3	75.9	31.0	94.3	0.0	0.0	0.0	0.000	0.000	0.000	0.0	0.0		11:48:11:552		
000:00:26.800	94.2	75.9	31.0	94.2	0.0	0.0	0.0	0.000	0.000	0.000	0.0	0.0		11:48:11:752		
000:00:27.000	94.9	75.9	31.0	94.9	0.0	0.0	0.0	0.000	0.000	0.000	0.0	0.0		11:48:11:952		
000:00:27.200	95.2	75.9	31.0	95.2	0.0	0.0	0.0	0.000	0.000	0.000	0.0	0.0		11:48:12:152		
000:00:27.400	95.5	75.9	31.0	95.4	0.0	0.0	0.0	0.000	0.000	0.000	0.0	0.0		11:48:12:352		
000:00:27.600	95.2	75.9	31.0	95.3	0.0	0.0	0.0	0.000	0.000	0.000	0.0	0.0		11:48:12:552		
000:00:27.800	95.3	75.9	31.0	95.3	0.0	0.0	0.0	0.000	0.000	0.000	0.0	0.0		11:48:12:752		
000:00:28.000	95.3	75.9	31.0	95.3	0.0	0.0	0.0	0.000	0.000	0.000	0.0	0.0		11:48:12:952		
000:00:28.200	94.1	75.9	31.0	94.0	0.0	0.0	0.0	0.000	0.000	0.000	0.0	0.0		11:48:13:152		
000:00:28.400	94.9	75.9	31.0	94.9	0.0	0.0	0.0	0.000	0.000	0.000	0.0	0.0		11:48:13:352		
000:00:28.600	95.2	75.9	31.0	95.2	0.0	0.0	0.0	0.000	0.000	0.000	0.0	0.0		11:48:13:552		
000:00:28.800	95.5	75.9	31.0	95.4	0.0	0.0	0.0	0.000	0.000	0.000	0.0	0.0		11:48:13:752		
000:00:29.000	95.1	75.9	31.0	95.1	0.0	0.0	0.0	0.000	0.000	0.000	0.0	0.0		11:48:13:952		
000:00:29.200	95.2	75.9	31.0	95.2	0.0	0.0	0.0	0.000	0.000	0.000	0.0	0.0		11:48:14:152		
000:00:29.400	95.3	75.9	31.0	95.3	0.0	0.0	0.0	0.000	0.000	0.000	0.0	0.0		11:48:14:352		
000:00:29.600	95.2	75.9	31.0	95.0	0.0	0.0	0.0	0.000	0.000	0.000	0.0	0.0		11:48:14:552		
000:00:29.800	94.0	75.9	31.0	93.9	0.0	0.0	0.0	0.000	0.000	0.000	0.0	0.0		11:48:14:752		
000:00:30.000	94.2	75.9	31.0	94.3	0.0	0.0	0.0	0.000	0.000	0.000	0.0	0.0		11:48:14:952		
000:00:30.200	94.4	75.9	31.0	94.7	0.0	0.0	0.0	0.000	0.000	0.000	0.0	0.0		11:48:15:152		
000:00:30.400	95.2	75.9	31.0	95.2	0.0	0.0	0.0	0.000	0.000	0.000	0.0	0.0		11:48:15:352		
000:00:30.600	95.3	75.9	31.0	95.3	0.0	0.0	0.0	0.000	0.000	0.000	0.0	0.0		11:48:15:552		
000:00:30.800	95.3	75.9	31.0	95.3	0.0	0.0	0.0	0.000	0.000	0.000	0.0	0.0		11:48:15:752		
000:00:31.000	95.3	75.9	31.0	95.3	0.0	0.0	0.0	0.000	0.000	0.000	0.0	0.0		11:48:15:952		
000:00:31.200	95.4	75.9	31.0	95.4	0.0	0.0	0.0	0.000	0.000	0.000	0.0	0.0		11:48:16:152		
000:00:31.400	95.6	75.9	31.0	95.5	0.0	0.0	0.0	0.000	0.000	0.000	0.0	0.0		11:48:16:352		
000:00:31.600	95.6	76.0	31.0	95.5	0.0	0.0	0.0	0.000	0.000	0.000	0.0	0.0		11:48:16:552		
000:00:31.800	95.7	76.0	31.0	95.7	0.0	0.0	0.0	0.000	0.000	0.000	0.0	0.0		11:48:16:752		
000:00:32.000	95.6	76.0	31.0	95.6	0.0	0.0	0.0	0.000	0.000	0.000	0.0	0.0		11:48:16:952		
000:00:32.200	95.4	76.0	31.0	95.4	0.0	0.0	0.0	0.000	0.000	0.000	0.0	0.0		11:48:17:152		
000:00:32.400	95.4	76.0	31.0	95.4	0.0	0.0	0.0	0.000	0.000	0.000	0.0	0.0		11:48:17:352		
000:00:32.600	95.1	76.0	31.0	95.1	0.0	0.0	0.0	0.000	0.000	0.000	0.0	0.0		11:48:17:552		
000:00:32.800	94.7	76.0	31.0	94.7	0.0	0.0	0.0	0.000	0.000	0.000	0.0	0.0		11:48:17:752		
000:00:33.000	94.5	76.0	31.0	94.6	0.0	0.0	0.0	0.000	0.000	0.000	0.0	0.0		11:48:17:952		
000:00:33.200	95.1	76.0	31.0	95.1	0.0	0.0	0.0	0.000	0.000	0.000	0.0	0.0		11:48:18:152		
000:00:33.400	94.6	76.0	31.0	94.6	0.0	0.0	0.0	0.000	0.000	0.000	0.0	0.0		11:48:18:352		
000:00:33.600	94.2	76.0	31.0	94.1	0.0	0.0	0.0	0.000	0.000	0.000	0.0	0.0		11:48:18:552		
000:00:33.800	93.9	76.0	31.0	93.9	0.0	0.0	0.0	0.000	0.000	0.000	0.0	0.0		11:48:18:752		
000:00:34.000	94.5	76.0	31.0	94.5	0.0	0.0	0.0	0.000	0.000	0.000	0.0	0.0		11:48:18:952		
000:00:34.200	95.1	76.0	31.0	95.1	0.0	0.0	0.0	0.000	0.000	0.000	0.0	0.0		11:48:19:152		
000:00:34.400	95.6	76.0	31.0	95.6	0.0	0.0	0.0	0.000	0.000	0.000	0.0	0.0		11:48:19:352		
000:00:34.600	95.2	76.0	31.0	95.1	0.0	0.0	0.0	0.000	0.000	0.000	0.0	0.0		11:48:19:552		
000:00:34.800	95.3	76.0	31.0	95.3	0.0	0.0	0.0	0.000	0.000	0.000	0.0	0.0		11:48:19:752		
000:00:35.000	95.4	76.0	31.0	95.4	0.0	0.0	0.0	0.000	0.000	0.000	0.0	0.0		11:48:19:952		
000:00:35.200	95.0	76.0	31.0	94.8	0.0	0.0	0.0	0.000	0.000	0.000	0.0	0.0		11:48:20:152		
000:00:35.400	94.1	76.0	31.0	94.0	0.0	0.0	0.0	0.000	0.000	0.000	0.0	0.0		11:48:20:352		
000:00:35.600	94.2	76.0	31.0	94.1	0.0	0.0	0.0	0.000	0.000	0.000	0.0	0.0		11:48:20:552		
000:00:35.800	94.2	76.0	31.0	94.2	0.0	0.0	0.0	0.000	0.000	0.000	0.0	0.0		11:48:20:752		
000:00:36.000	94.2	76.0	31.0	94.2	0.0	0.0	0.0	0.000	0.000	0.000	0.0	0.0		11:48:20:952		
000:00:36.200	94.3	76.0	31.0	94.3	0.0	0.0	0.0	0.000	0.000	0.000	0.0	0.0		11:48:21:152		
000:00:36.400	94.4	76.0	31.0	94.3	0.0	0.0	0.0	0.000	0.000	0.000	0.0	0.0		11:48:21:352		
000:00:36.600	95.1	76.0	31.0	95.2	0.0	0.0	0.0	0.000	0.000	0.000	0.0	0.0		11:48:21:552		
000:00:36.800	94.4	76.0	31.0	94.3	0.0	0.0	0.0	0.000	0.000	0.000	0.0	0.0		11:48:21:752		
000:00:37.000	94.8	76.0	31.0	94.8	0.0	0.0	0.0	0.000	0.000	0.000	0.0	0.0		11:48:21:952		
000:00:37.200	95.2	76.0	31.0	95.3	0.0	0.0	0.0	0.000	0.000	0.000	0.0	0.0		11:48:22:152		
000:00:37.400	95.4	76.0	31.0	95.2	0.0	0.0	0.0	0.000	0.000	0.000	0.0	0.0		11:48:22:352		
000:00:37.600	95.3	76.0	31.0	95.2	0.0	0.0	0.0	0.000	0.000	0.000	0.0	0.0		11:48:22:552		
000:00:37.800	95.2	76.0	31.0	95.2	0.0	0.0	0.0	0.000	0.000	0.000	0.0	0.0		11:48:22:752		
000:00:38.000	95.6	76.0	31.0	95.6	0.0	0.0	0.0	0.000	0.000	0.000	0.0	0.0		11:48:22:952		
000:00:38.200	95.4	76.0	31.0	95.4	0.0	0.0	0.0	0.000	0.000	0.000	0.0	0.0		11:48:23:152		
000:00:38.400	95.5	76.0	31.0	95.5	0.0	0.0	0.0	0.000	0.000	0.000	0.0	0.0		11:48:23:352		
000:00:38.600	95.6	76.0	31.0	95.6	0.0	0.0	0.0	0.000	0.000	0.000	0.0	0.0		11:48:23:552		
000:00:38.800	95.5	76.0	31.0	95.6	0.0	0.0	0.0	0.000	0.000	0.000	0.0	0.0		11:48:23:752		
000:00:39.000	95.4	76.0	31.0	95.5	0.0	0.0	0.0	0.000	0.000	0.000	0.0	0.0		11:48:23:952		
000:00:39.200	95.4	76.0	31.0	95.4	0.0	0.0	0.0	0.000	0.000	0.000	0.0	0.0		11:48:24:152		
000:00:39.400	95.3	76.0	31.0	95.3	0.0	0.0	0.0	0.000	0.000	0.000	0.0	0.0		11:48:24:352		
000:00:39.600	95.3	76.0	31.0	95.2	0.0	0.0	0.0	0.000	0.000	0.000	0.0	0.0		11:48:24:552		
000:00:39.800	95.3	76.0	31.0	95.2	0.0	0.0	0.0	0.000	0.000	0.000	0.0	0.0		11:48:24:752		
000:00:40.000	95.2	76.0	31.0	95.2	0.0	0.0	0.0	0.000	0.000	0.000	0.0	0.0		11:48:24:952		
000:00:40.200	166.3	76.0	31.0	181.8	0.0	0.0	0.0	0.000	0.000	0.000	0.0	0.0		11:48:25:152		
000:00:40.400	183.4	76.0	31.0	191.1	0.0	0.0	0.0	0.000	0.000	0.000	0.0	0.0		11:48:25:352		
000:00:40.600	200.6	76.0	31.0	200.4	0.0	0.0	0.0	0.000	0.000	0.000	0.0	0.0		11:48:25:552		
000:00:40.800	198.6	76.0	31.0	198.4	0.0	0.0	0.0	0.000	0.000	0.000	0.0	0.0		11:48:25:752		
000:00:41.000	196.7	76.0	31.0	196.5	0.0	0.0	0.0	0.000	0.000	0.000	0.0	0.0		11:48:25:952		
000:00:41.200	195.7	76.0	31.0	195.4	0.0	0.0	0.0	0.000	0.000	0.000	0.0	0.0		11:48:26:152		
000:00:41.400	194.6	76.0	31.0	194.4	0.0	0.0	0.0	0.000	0.000	0.000	0.0	0.0		11:48:26:352		
000:00:41.600	192.9	76.0	31.0	192.7	0.0	0.0	0.0	0.000	0.000	0.000	0.0	0.0		11:48:26:552		
000:00:41.800	192.1	76.0	31.0	192.0	0.0	0.0	0.0	0.000	0.000	0.000	0.0	0.0		11:48:26:752		
000:00:42.000	191.4	76.0	31.0	191.2	0.0	0.0	0.0	0.000	0.000	0.000	0.0	0.0		11:48:26:952		
000:00:42.200	189.9	76.1	31.0	189.8	0.0	0.0	0.0	0.000	0.000	0.000	0.0	0.0		11:48:27:152		
000:00:42.400	189.3	76.1	31.0	189.1	0.0	0.0	0.0	0.000	0.000	0.000	0.0	0.0		11:48:27:352		
000:00:42.600	188.7	76.1	31.0	188.5	0.0	0.0	0.0	0.000	0.000	0.000	0.0	0.0		11:48:27:552		
000:00:42.800	187.4	76.1	31.0	187.4	0.0	0.0	0.0	0.000	0.000	0.000	0.0	0.0		11:48:27:752		
000:00:43.000	186.8	76.1	31.0	186.8	0.0	0.0	0.0	0.000	0.000	0.000	0.0	0.0		11:48:27:952		
000:00:43.200	186.2	76.1	31.0	186.1	0.0	0.0	0.0	0.000	0.000	0.000	0.0	0.0		11:48:28:152		
000:00:43.400	184.8	76.1	31.0	184.7	0.0	0.0	0.0	0.000	0.000	0.000	0.0	0.0		11:48:28:352		
000:00:43.600	184.2	76.1	31.0	184.1	0.0	0.0	0.0	0.000	0.000	0.000	0.0	0.0		11:48:28:552		
000:00:43.800	183.6	76.1	31.0	183.5	0.0	0.0	0.0	0.000	0.000	0.000	0.0	0.0		11:48:28:752		
000:00:44.000	182.5	76.1	31.0	182.4	0.0	0.0	0.0	0.000	0.000	0.000	0.0	0.0		11:48:28:952		
000:00:44.200	181.3	76.1	31.0	181.2	0.0	0.0	0.0	0.000	0.000	0.000	0.0	0.0		11:48:29:152		
000:00:44.400	180.6	76.1	31.0	180.5	0.0	0.0	0.0	0.000	0.000	0.000	0.0	0.0		11:48:29:352		
000:00:44.600	179.9	76.1	31.0	179.8	0.0	0.0	0.0	0.000	0.000	0.000	0.0	0.0		11:48:29:552		
000:00:44.800	179.2	76.1	31.0	179.1	0.0	0.0	0.0	0.000	0.000	0.000	0.0	0.0		11:48:29:752		
000:00:45.000	178.8	76.1	31.0	178.6	0.0	0.0	0.0	0.000	0.000	0.000	0.0	0.0		11:48:29:952		
000:00:45.200	178.3	76.1	31.0	178.2	0.0	0.0	0.0	0.000	0.000	0.000	0.0	0.0		11:48:30:152		
000:00:45.400	177.4	76.1	31.0	177.3	0.0	0.0	0.0	0.000	0.000	0.000	0.0	0.0		11:48:30:352		
000:00:45.600	177.1	76.1	31.0	177.0	0.0	0.0	0.0	0.000	0.000	0.000	0.0	0.0		11:48:30:552		
000:00:45.800	176.8	76.1	31.0	176.6	0.0	0.0	0.0	0.000	0.000	0.000	0.0	0.0		11:48:30:752		
000:00:46.000	176.0	76.1	31.0	176.0	0.0	0.0	0.0	0.000	0.000	0.000	0.0	0.0		11:48:30:952		
000:00:46.200	175.6	76.1	31.0	175.6	0.0	0.0	0.0	0.000	0.000	0.000	0.0	0.0		11:48:31:152		
000:00:46.400	175.3	76.1	31.0	175.2	0.0	0.0	0.0	0.000	0.000	0.000	0.0	0.0		11:48:31:352		
000:00:46.600	174.4	76.1	31.0	174.3	0.0	0.0	0.0	0.000	0.000	0.000	0.0	0.0		11:48:31:552		
000:00:46.800	174.0	76.1	31.0	173.9	0.0	0.0	0.0	0.000	0.000	0.000	0.0	0.0		11:48:31:752		
000:00:47.000	173.6	76.1	31.0	173.5	0.0	0.0	0.0	0.000	0.000	0.000	0.0	0.0		11:48:31:952		
000:00:47.200	172.7	76.1	31.0	172.6	0.0	0.0	0.0	0.000	0.000	0.000	0.0	0.0		11:48:32:152		
000:00:47.400	172.4	76.1	31.0	172.3	0.0	0.0	0.0	0.000	0.000	0.000	0.0	0.0		11:48:32:352		
000:00:47.600	172.0	76.1	31.0	172.0	0.0	0.0	0.0	0.000	0.000	0.000	0.0	0.0		11:48:32:552		
000:00:47.800	171.3	76.1	31.0	171.1	0.0	0.0	0.0	0.000	0.000	0.000	0.0	0.0		11:48:32:752		
000:00:48.000	170.8	76.1	31.0	170.6	0.0	0.0	0.0	0.000	0.000	0.000	0.0	0.0		11:48:32:952		
000:00:48.200	170.3	76.1	31.0	170.2	0.0	0.0	0.0	0.000	0.000	0.000	0.0	0.0		11:48:33:152		
000:00:48.400	169.6	76.1	31.0	169.5	0.0	0.0	0.0	0.000	0.000	0.000	0.0	0.0		11:48:33:352		
000:00:48.600	169.2	76.1	31.0	169.1	0.0	0.0	0.0	0.000	0.000	0.000	0.0	0.0		11:48:33:552		
000:00:48.800	168.8	76.1	31.0	168.7	0.0	0.0	0.0	0.000	0.000	0.000	0.0	0.0		11:48:33:752		
000:00:49.000	168.2	76.1	31.0	168.2	0.0	0.0	0.0	0.000	0.000	0.000	0.0	0.0		11:48:33:952		
000:00:49.200	167.8	76.1	31.0	167.8	0.0	0.0	0.0	0.000	0.000	0.000	0.0	0.0		11:48:34:152		
000:00:49.400	167.5	76.1	31.0	167.5	0.0	0.0	0.0	0.000	0.000	0.000	0.0	0.0		11:48:34:352		
000:00:49.600	167.2	76.1	31.0	167.2	0.0	0.0	0.0	0.000	0.000	0.000	0.0	0.0		11:48:34:552		
000:00:49.800	166.9	76.1	31.0	166.9	0.0	0.0	0.0	0.000	0.000	0.000	0.0	0.0		11:48:34:752		
000:00:50.000	166.5	76.1	31.0	166.4	0.0	0.0	0.0	0.000	0.000	0.000	0.0	0.0		11:48:34:952		
000:00:50.200	165.8	76.1	31.0	165.8	0.0	0.0	0.0	0.000	0.000	0.000	0.0	0.0		11:48:35:152		
000:00:50.400	165.6	76.1	31.0	165.5	0.0	0.0	0.0	0.000	0.000	0.000	0.0	0.0		11:48:35:352		
000:00:50.600	165.3	76.1	31.0	165.2	0.0	0.0	0.0	0.000	0.000	0.000	0.0	0.0		11:48:35:552		
000:00:50.800	165.1	76.1	31.0	165.0	0.0	0.0	0.0	0.000	0.000	0.000	0.0	0.0		11:48:35:752		
000:00:51.000	164.8	76.1	31.0	164.8	0.0	0.0	0.0	0.000	0.000	0.000	0.0	0.0		11:48:35:952		
000:00:51.200	164.2	76.1	31.0	164.2	0.0	0.0	0.0	0.000	0.000	0.000	0.0	0.0		11:48:36:152		
000:00:51.400	163.6	76.1	31.0	163.6	0.0	0.0	0.0	0.000	0.000	0.000	0.0	0.0		11:48:36:352		
000:00:51.600	163.3	76.1	31.0	163.3	0.0	0.0	0.0	0.000	0.000	0.000	0.0	0.0		11:48:36:552		
000:00:51.800	163.0	76.1	31.0	163.0	0.0	0.0	0.0	0.000	0.000	0.000	0.0	0.0		11:48:36:752		
000:00:52.000	162.6	76.1	31.0	162.5	0.0	0.0	0.0	0.000	0.000	0.000	0.0	0.0		11:48:36:952		
000:00:52.200	162.3	76.1	31.0	162.1	0.0	0.0	0.0	0.000	0.000	0.000	0.0	0.0		11:48:37:152		
000:00:52.400	161.9	76.1	31.0	161.8	0.0	0.0	0.0	0.000	0.000	0.000	0.0	0.0		11:48:37:352		
000:00:52.600	161.6	76.1	31.0	161.6	0.0	0.0	0.0	0.000	0.000	0.000	0.0	0.0		11:48:37:552		
000:00:52.800	161.4	76.1	31.0	161.4	0.0	0.0	0.0	0.000	0.000	0.000	0.0	0.0		11:48:37:752		
000:00:53.000	160.8	76.1	31.0	160.8	0.0	0.0	0.0	0.000	0.000	0.000	0.0	0.0		11:48:37:952		
000:00:53.200	160.6	76.1	31.0	160.6	0.0	0.0	0.0	0.000	0.000	0.000	0.0	0.0		11:48:38:152		
000:00:53.400	160.3	76.1	31.0	160.3	0.0	0.0	0.0	0.000	0.000	0.000	0.0	0.0		11:48:38:352		
000:00:53.600	159.7	76.1	31.0	159.7	0.0	0.0	0.0	0.000	0.000	0.000	0.0	0.0		11:48:38:552		
000:00:53.800	159.5	76.1	31.0	159.5	0.0	0.0	0.0	0.000	0.000	0.000	0.0	0.0		11:48:38:752		
000:00:54.000	159.3	76.1	31.0	159.3	0.0	0.0	0.0	0.000	0.000	0.000	0.0	0.0		11:48:38:952		
000:00:54.200	158.8	76.1	31.0	158.8	0.0	0.0	0.0	0.000	0.000	0.000	0.0	0.0		11:48:39:152		
000:00:54.400	158.6	76.1	31.0	158.6	0.0	0.0	0.0	0.000	0.000	0.000	0.0	0.0		11:48:39:352		
000:00:54.600	158.5	76.1	31.0	158.4	0.0	0.0	0.0	0.000	0.000	0.000	0.0	0.0		11:48:39:552		
000:00:54.800	158.3	76.1	31.0	158.3	0.0	0.0	0.0	0.000	0.000	0.000	0.0	0.0		11:48:39:752		
000:00:55.000	158.1	76.1	31.0	158.1	0.0	0.0	0.0	0.000	0.000	0.000	0.0	0.0		11:48:39:952		
000:00:55.200	157.5	76.1	31.0	157.4	0.0	0.0	0.0	0.000	0.000	0.000	0.0	0.0		11:48:40:152		
000:00:55.400	157.4	76.1	31.0	157.3	0.0	0.0	0.0	0.000	0.000	0.000	0.0	0.0		11:48:40:352		
000:00:55.600	157.2	76.1	31.0	157.2	0.0	0.0	0.0	0.000	0.000	0.000	0.0	0.0		11:48:40:552		
000:00:55.800	156.8	76.1	31.0	156.8	0.0	0.0	0.0	0.000	0.000	0.000	0.0	0.0		11:48:40:752		
000:00:56.000	156.6	76.1	31.0	156.6	0.0	0.0	0.0	0.000	0.000	0.000	0.0	0.0		11:48:40:952		
000:00:56.200	156.4	76.1	31.0	156.4	0.0	0.0	0.0	0.000	0.000	0.000	0.0	0.0		11:48:41:152		
000:00:56.400	156.2	76.1	31.0	156.1	0.0	0.0	0.0	0.000	0.000	0.000	0.0	0.0		11:48:41:352		
000:00:56.600	155.9	76.1	31.0	155.9	0.0	0.0	0.0	0.000	0.000	0.000	0.0	0.0		11:48:41:552		
000:00:56.800	155.7	76.1	31.0	155.7	0.0	0.0	0.0	0.000	0.000	0.000	0.0	0.0		11:48:41:752		
000:00:57.000	155.5	76.1	31.0	155.4	0.0	0.0	0.0	0.000	0.000	0.000	0.0	0.0		11:48:41:952		
000:00:57.200	155.3	76.1	31.0	155.3	0.0	0.0	0.0	0.000	0.000	0.000	0.0	0.0		11:48:42:152		
000:00:57.400	155.2	76.1	31.0	155.2	0.0	0.0	0.0	0.000	0.000	0.000	0.0	0.0		11:48:42:352		
000:00:57.600	154.9	76.1	31.0	154.8	0.0	0.0	0.0	0.000	0.000	0.000	0.0	0.0		11:48:42:552		
000:00:57.800	154.8	76.1	31.0	154.7	0.0	0.0	0.0	0.000	0.000	0.000	0.0	0.0		11:48:42:752		
000:00:58.000	154.6	76.1	31.0	154.6	0.0	0.0	0.0	0.000	0.000	0.000	0.0	0.0		11:48:42:952		
000:00:58.200	154.5	76.1	31.0	154.5	0.0	0.0	0.0	0.000	0.000	0.000	0.0	0.0		11:48:43:152		
000:00:58.400	154.4	76.1	31.0	154.3	0.0	0.0	0.0	0.000	0.000	0.000	0.0	0.0		11:48:43:352		
000:00:58.600	154.4	76.1	31.0	154.3	0.0	0.0	0.0	0.000	0.000	0.000	0.0	0.0		11:48:43:552		
000:00:58.800	154.3	76.1	31.0	154.3	0.0	0.0	0.0	0.000	0.000	0.000	0.0	0.0		11:48:43:752		
000:00:59.000	154.3	76.1	31.0	154.3	0.0	0.0	0.0	0.000	0.000	0.000	0.0	0.0		11:48:43:952		
000:00:59.200	154.3	76.1	31.0	154.3	0.0	0.0	0.0	0.000	0.000	0.000	0.0	0.0		11:48:44:152		
000:00:59.400	154.2	76.2	31.0	154.2	0.0	0.0	0.0	0.000	0.000	0.000	0.0	0.0		11:48:44:352		
000:00:59.600	154.3	76.2	31.0	154.3	0.0	0.0	0.0	0.000	0.000	0.000	0.0	0.0		11:48:44:552		
000:00:59.800	154.3	76.2	31.0	154.3	0.0	0.0	0.0	0.000	0.000	0.000	0.0	0.0		11:48:44:752		
000:01:00.000	154.3	76.2	31.0	154.3	0.0	0.0	0.0	0.000	0.000	0.000	0.0	0.0		11:48:44:952		
000:01:00.200	154.5	76.2	31.0	154.5	0.0	0.0	0.0	0.000	0.000	0.000	0.0	0.0		11:48:45:152		
000:01:00.400	154.5	76.2	31.0	154.5	0.0	0.0	0.0	0.000	0.000	0.000	0.0	0.0		11:48:45:352		
000:01:00.600	154.5	76.2	31.0	154.5	0.0	0.0	0.0	0.000	0.000	0.000	0.0	0.0		11:48:45:552		
000:01:00.800	154.5	76.2	31.0	154.5	0.0	0.0	0.0	0.000	0.000	0.000	0.0	0.0		11:48:45:752		
000:01:01.000	154.5	76.2	31.0	154.5	0.0	0.0	0.0	0.000	0.000	0.000	0.0	0.0		11:48:45:952		
000:01:01.200	154.6	76.2	31.0	154.6	0.0	0.0	0.0	0.000	0.000	0.000	0.0	0.0		11:48:46:152		
000:01:01.400	154.6	76.2	31.0	154.6	0.0	0.0	0.0	0.000	0.000	0.000	0.0	0.0		11:48:46:352		
000:01:01.600	154.7	76.2	31.0	154.7	0.0	0.0	0.0	0.000	0.000	0.000	0.0	0.0		11:48:46:552		
000:01:01.800	154.6	76.2	31.0	154.6	0.0	0.0	0.0	0.000	0.000	0.000	0.0	0.0		11:48:46:752		
000:01:02.000	154.6	76.2	31.0	154.6	0.0	0.0	0.0	0.000	0.000	0.000	0.0	0.0		11:48:46:952		
000:01:02.200	154.6	76.2	31.0	154.6	0.0	0.0	0.0	0.000	0.000	0.000	0.0	0.0		11:48:47:152		
000:01:02.400	154.7	76.2	31.0	154.7	0.0	0.0	0.0	0.000	0.000	0.000	0.0	0.0		11:48:47:352		
000:01:02.600	154.7	76.2	31.0	154.7	0.0	0.0	0.0	0.000	0.000	0.000	0.0	0.0		11:48:47:552		
000:01:02.800	154.7	76.2	31.0	154.7	0.0	0.0	0.0	0.000	0.000	0.000	0.0	0.0		11:48:47:752		
000:01:03.000	154.5	76.2	31.0	154.4	0.0	0.0	0.0	0.000	0.000	0.000	0.0	0.0		11:48:47:952		
000:01:03.200	154.4	76.2	31.0	154.3	0.0	0.0	0.0	0.000	0.000	0.000	0.0	0.0		11:48:48:152		
000:01:03.400	154.3	76.2	31.0	154.2	0.0	0.0	0.0	0.000	0.000	0.000	0.0	0.0		11:48:48:352		
000:01:03.600	154.1	76.2	31.0	154.1	0.0	0.0	0.0	0.000	0.000	0.000	0.0	0.0		11:48:48:552		
000:01:03.800	154.1	76.2	31.0	154.1	0.0	0.0	0.0	0.000	0.000	0.000	0.0	0.0		11:48:48:752		
000:01:04.000	154.1	76.2	31.0	154.1	0.0	0.0	0.0	0.000	0.000	0.000	0.0	0.0		11:48:48:952		
000:01:04.200	154.0	76.2	31.0	154.0	0.0	0.0	0.0	0.000	0.000	0.000	0.0	0.0		11:48:49:152		
000:01:04.400	153.8	76.2	31.0	153.8	0.0	0.0	0.0	0.000	0.000	0.000	0.0	0.0		11:48:49:352		
000:01:04.600	153.7	76.2	31.0	153.7	0.0	0.0	0.0	0.000	0.000	0.000	0.0	0.0		11:48:49:552		
000:01:04.800	153.4	76.2	31.0	153.4	0.0	0.0	0.0	0.000	0.000	0.000	0.0	0.0		11:48:49:752		
000:01:05.000	153.4	76.2	31.0	153.4	0.0	0.0	0.0	0.000	0.000	0.000	0.0	0.0		11:48:49:952		
000:01:05.200	153.4	76.2	31.0	153.4	0.0	0.0	0.0	0.000	0.000	0.000	0.0	0.0		11:48:50:152		
000:01:05.400	153.2	76.2	31.0	153.1	0.0	0.0	0.0	0.000	0.000	0.000	0.0	0.0		11:48:50:352		
000:01:05.600	153.0	76.2	31.0	153.0	0.0	0.0	0.0	0.000	0.000	0.000	0.0	0.0		11:48:50:552		
000:01:05.800	152.9	76.2	31.0	152.9	0.0	0.0	0.0	0.000	0.000	0.000	0.0	0.0		11:48:50:752		
000:01:06.000	152.6	76.2	31.0	152.6	0.0	0.0	0.0	0.000	0.000	0.000	0.0	0.0		11:48:50:952		
000:01:06.200	152.6	76.2	31.0	152.6	0.0	0.0	0.0	0.000	0.000	0.000	0.0	0.0		11:48:51:152		
000:01:06.400	152.6	76.2	31.0	152.6	0.0	0.0	0.0	0.000	0.000	0.000	0.0	0.0		11:48:51:352		
000:01:06.600	152.4	76.2	31.0	152.4	0.0	0.0	0.0	0.000	0.000	0.000	0.0	0.0		11:48:51:552		
000:01:06.800	152.3	76.2	31.0	152.3	0.0	0.0	0.0	0.000	0.000	0.000	0.0	0.0		11:48:51:752		
000:01:07.000	152.2	76.2	31.1	152.2	0.0	0.0	0.0	0.000	0.000	0.000	0.0	0.0		11:48:51:952		
000:01:07.200	152.2	76.2	31.1	152.2	0.0	0.0	0.0	0.000	0.000	0.000	0.0	0.0		11:48:52:152		
000:01:07.400	152.1	76.2	31.1	152.1	0.0	0.0	0.0	0.000	0.000	0.000	0.0	0.0		11:48:52:352		
000:01:07.600	152.0	76.2	31.1	152.0	0.0	0.0	0.0	0.000	0.000	0.000	0.0	0.0		11:48:52:552		
000:01:07.800	151.7	76.2	31.1	151.7	0.0	0.0	0.0	0.000	0.000	0.000	0.0	0.0		11:48:52:752		
000:01:08.000	151.6	76.2	31.0	151.6	0.0	0.0	0.0	0.000	0.000	0.000	0.0	0.0		11:48:52:952		
000:01:08.200	151.5	76.2	31.0	151.5	0.0	0.0	0.0	0.000	0.000	0.000	0.0	0.0		11:48:53:152		
000:01:08.400	151.2	76.2	31.0	151.2	0.0	0.0	0.0	0.000	0.000	0.000	0.0	0.0		11:48:53:352		
000:01:08.600	151.1	76.2	31.0	151.1	0.0	0.0	0.0	0.000	0.000	0.000	0.0	0.0		11:48:53:552		
000:01:08.800	151.0	76.2	31.0	151.0	0.0	0.0	0.0	0.000	0.000	0.000	0.0	0.0		11:48:53:752		
000:01:09.000	150.8	76.2	31.0	150.8	0.0	0.0	0.0	0.000	0.000	0.000	0.0	0.0		11:48:53:952		
000:01:09.200	150.8	76.3	31.0	150.8	0.0	0.0	0.0	0.000	0.000	0.000	0.0	0.0		11:48:54:152		
000:01:09.400	150.7	76.3	31.1	150.7	0.0	0.0	0.0	0.000	0.000	0.000	0.0	0.0		11:48:54:352		
000:01:09.600	150.5	76.3	31.1	150.5	0.0	0.0	0.0	0.000	0.000	0.000	0.0	0.0		11:48:54:552		
000:01:09.800	150.4	76.3	31.1	150.4	0.0	0.0	0.0	0.000	0.000	0.000	0.0	0.0		11:48:54:752		
000:01:10.000	150.3	76.3	31.1	150.3	0.0	0.0	0.0	0.000	0.000	0.000	0.0	0.0		11:48:54:952		
000:01:10.200	150.1	76.3	31.1	150.1	0.0	0.0	0.0	0.000	0.000	0.000	0.0	0.0		11:48:55:152		
000:01:10.400	150.1	76.3	31.1	150.1	0.0	0.0	0.0	0.000	0.000	0.000	0.0	0.0		11:48:55:352		
000:01:10.600	150.0	76.3	31.1	150.1	0.0	0.0	0.0	0.000	0.000	0.000	0.0	0.0		11:48:55:552		
000:01:10.800	149.7	76.3	31.1	149.7	0.0	0.0	0.0	0.000	0.000	0.000	0.0	0.0		11:48:55:752		
000:01:11.000	149.6	76.3	31.1	149.5	0.0	0.0	0.0	0.000	0.000	0.000	0.0	0.0		11:48:55:952		
000:01:11.200	149.5	76.3	31.1	149.4	0.0	0.0	0.0	0.000	0.000	0.000	0.0	0.0		11:48:56:152		
000:01:11.400	149.3	76.3	31.1	149.2	0.0	0.0	0.0	0.000	0.000	0.000	0.0	0.0		11:48:56:352		
000:01:11.600	149.2	76.3	31.1	149.1	0.0	0.0	0.0	0.000	0.000	0.000	0.0	0.0		11:48:56:552		
000:01:11.800	149.0	76.3	31.1	148.9	0.0	0.0	0.0	0.000	0.000	0.000	0.0	0.0		11:48:56:752		
000:01:12.000	148.7	76.3	31.1	148.7	0.0	0.0	0.0	0.000	0.000	0.000	0.0	0.0		11:48:56:952		
000:01:12.200	148.6	76.3	31.1	148.6	0.0	0.0	0.0	0.000	0.000	0.000	0.0	0.0		11:48:57:152		
000:01:12.400	148.5	76.3	31.1	148.5	0.0	0.0	0.0	0.000	0.000	0.000	0.0	0.0		11:48:57:352		
000:01:12.600	148.5	76.3	31.1	148.5	0.0	0.0	0.0	0.000	0.000	0.000	0.0	0.0		11:48:57:552		
000:01:12.800	148.4	76.3	31.1	148.4	0.0	0.0	0.0	0.000	0.000	0.000	0.0	0.0		11:48:57:752		
000:01:13.000	148.2	76.3	31.1	148.2	0.0	0.0	0.0	0.000	0.000	0.000	0.0	0.0		11:48:57:952		
000:01:13.200	148.0	76.3	31.1	148.0	0.0	0.0	0.0	0.000	0.000	0.000	0.0	0.0		11:48:58:152		
000:01:13.400	147.9	76.3	31.1	147.9	0.0	0.0	0.0	0.000	0.000	0.000	0.0	0.0		11:48:58:352		
000:01:13.600	147.7	76.3	31.1	147.7	0.0	0.0	0.0	0.000	0.000	0.000	0.0	0.0		11:48:58:552		
000:01:13.800	147.5	76.3	31.1	147.5	0.0	0.0	0.0	0.000	0.000	0.000	0.0	0.0		11:48:58:752		
000:01:14.000	147.3	76.3	31.1	147.3	0.0	0.0	0.0	0.000	0.000	0.000	0.0	0.0		11:48:58:952		
000:01:14.200	147.2	76.3	31.1	147.2	0.0	0.0	0.0	0.000	0.000	0.000	0.0	0.0		11:48:59:152		
000:01:14.400	146.8	76.3	31.1	146.8	0.0	0.0	0.0	0.000	0.000	0.000	0.0	0.0		11:48:59:352		
000:01:14.600	146.6	76.3	31.1	146.6	0.0	0.0	0.0	0.000	0.000	0.000	0.0	0.0		11:48:59:552		
000:01:14.800	146.5	76.3	31.1	146.5	0.0	0.0	0.0	0.000	0.000	0.000	0.0	0.0		11:48:59:752		
000:01:15.000	146.2	76.3	31.1	146.2	0.0	0.0	0.0	0.000	0.000	0.000	0.0	0.0		11:48:59:952		
000:01:15.200	146.1	76.3	31.1	146.1	0.0	0.0	0.0	0.000	0.000	0.000	0.0	0.0		11:49:00:152		
000:01:15.400	146.0	76.3	31.1	146.0	0.0	0.0	0.0	0.000	0.000	0.000	0.0	0.0		11:49:00:352		
000:01:15.600	145.6	76.3	31.1	145.6	0.0	0.0	0.0	0.000	0.000	0.000	0.0	0.0		11:49:00:552		
000:01:15.800	145.5	76.3	31.1	145.4	0.0	0.0	0.0	0.000	0.000	0.000	0.0	0.0		11:49:00:752		
000:01:16.000	145.3	76.3	31.1	145.2	0.0	0.0	0.0	0.000	0.000	0.000	0.0	0.0		11:49:00:952		
000:01:16.200	145.1	76.3	31.1	145.1	0.0	0.0	0.0	0.000	0.000	0.000	0.0	0.0		11:49:01:152		
000:01:16.400	145.0	76.3	31.1	145.0	0.0	0.0	0.0	0.000	0.000	0.000	0.0	0.0		11:49:01:352		
000:01:16.600	144.9	76.3	31.1	144.9	0.0	0.0	0.0	0.000	0.000	0.000	0.0	0.0		11:49:01:552		
000:01:16.800	144.5	76.3	31.1	144.5	0.0	0.0	0.0	0.000	0.000	0.000	0.0	0.0		11:49:01:752		
000:01:17.000	144.4	76.3	31.1	144.3	0.0	0.0	0.0	0.000	0.000	0.000	0.0	0.0		11:49:01:952		
000:01:17.200	144.2	76.3	31.1	144.1	0.0	0.0	0.0	0.000	0.000	0.000	0.0	0.0		11:49:02:152		
000:01:17.400	143.8	76.3	31.1	143.7	0.0	0.0	0.0	0.000	0.000	0.000	0.0	0.0		11:49:02:352		
000:01:17.600	143.6	76.3	31.1	143.5	0.0	0.0	0.0	0.000	0.000	0.000	0.0	0.0		11:49:02:552		
000:01:17.800	143.3	76.3	31.1	143.3	0.0	0.0	0.0	0.000	0.000	0.000	0.0	0.0		11:49:02:752		
000:01:18.000	143.1	76.3	31.1	143.1	0.0	0.0	0.0	0.000	0.000	0.000	0.0	0.0		11:49:02:952		
000:01:18.200	142.9	76.3	31.1	142.9	0.0	0.0	0.0	0.000	0.000	0.000	0.0	0.0		11:49:03:152		
000:01:18.400	142.6	76.3	31.1	142.6	0.0	0.0	0.0	0.000	0.000	0.000	0.0	0.0		11:49:03:352		
000:01:18.600	142.4	76.3	31.1	142.4	0.0	0.0	0.0	0.000	0.000	0.000	0.0	0.0		11:49:03:552		
000:01:18.800	142.2	76.3	31.1	142.2	0.0	0.0	0.0	0.000	0.000	0.000	0.0	0.0		11:49:03:752		
000:01:19.000	142.1	76.3	31.1	142.1	0.0	0.0	0.0	0.000	0.000	0.000	0.0	0.0		11:49:03:952		
000:01:19.200	142.1	76.3	31.1	142.0	0.0	0.0	0.0	0.000	0.000	0.000	0.0	0.0		11:49:04:152		
000:01:19.400	141.6	76.3	31.1	141.6	0.0	0.0	0.0	0.000	0.000	0.000	0.0	0.0		11:49:04:352		
000:01:19.600	141.4	76.3	31.1	141.4	0.0	0.0	0.0	0.000	0.000	0.000	0.0	0.0		11:49:04:552		
000:01:19.800	141.3	76.3	31.1	141.3	0.0	0.0	0.0	0.000	0.000	0.000	0.0	0.0		11:49:04:752		
000:01:20.000	141.0	76.3	31.1	141.0	0.0	0.0	0.0	0.000	0.000	0.000	0.0	0.0		11:49:04:952		
000:01:20.200	140.9	76.3	31.1	140.9	0.0	0.0	0.0	0.000	0.000	0.000	0.0	0.0		11:49:05:152		
000:01:20.400	140.8	76.3	31.1	140.8	0.0	0.0	0.0	0.000	0.000	0.000	0.0	0.0		11:49:05:352		
000:01:20.600	140.6	76.3	31.1	140.6	0.0	0.0	0.0	0.000	0.000	0.000	0.0	0.0		11:49:05:552		
000:01:20.800	140.5	76.3	31.1	140.5	0.0	0.0	0.0	0.000	0.000	0.000	0.0	0.0		11:49:05:752		
000:01:21.000	140.2	76.3	31.1	140.2	0.0	0.0	0.0	0.000	0.000	0.000	0.0	0.0		11:49:05:952		
000:01:21.200	140.1	76.3	31.1	140.1	0.0	0.0	0.0	0.000	0.000	0.000	0.0	0.0		11:49:06:152		
000:01:21.400	139.9	76.3	31.1	139.9	0.0	0.0	0.0	0.000	0.000	0.000	0.0	0.0		11:49:06:352		
000:01:21.600	139.6	76.3	31.1	139.5	0.0	0.0	0.0	0.000	0.000	0.000	0.0	0.0		11:49:06:552		
000:01:21.800	139.4	76.3	31.1	139.4	0.0	0.0	0.0	0.000	0.000	0.000	0.0	0.0		11:49:06:752		
000:01:22.000	139.2	76.3	31.1	139.2	0.0	0.0	0.0	0.000	0.000	0.000	0.0	0.0		11:49:06:952		
000:01:22.200	138.9	76.3	31.1	138.9	0.0	0.0	0.0	0.000	0.000	0.000	0.0	0.0		11:49:07:152		
000:01:22.400	138.7	76.3	31.1	138.7	0.0	0.0	0.0	0.000	0.000	0.000	0.0	0.0		11:49:07:352		
000:01:22.600	138.4	76.3	31.1	138.4	0.0	0.0	0.0	0.000	0.000	0.000	0.0	0.0		11:49:07:552		
000:01:22.800	138.3	76.3	31.1	138.3	0.0	0.0	0.0	0.000	0.000	0.000	0.0	0.0		11:49:07:752		
000:01:23.000	138.2	76.3	31.1	138.2	0.0	0.0	0.0	0.000	0.000	0.000	0.0	0.0		11:49:07:952		
000:01:23.200	138.3	76.3	31.1	138.3	0.0	0.0	0.0	0.000	0.000	0.000	0.0	0.0		11:49:08:152		
000:01:23.400	138.4	76.3	31.1	138.4	0.0	0.0	0.0	0.000	0.000	0.000	0.0	0.0		11:49:08:352		
000:01:23.600	137.8	76.3	31.1	137.7	0.0	0.0	0.0	0.000	0.000	0.000	0.0	0.0		11:49:08:552		
000:01:23.800	137.6	76.3	31.1	137.4	0.0	0.0	0.0	0.000	0.000	0.000	0.0	0.0		11:49:08:752		
000:01:24.000	137.3	76.3	31.1	137.2	0.0	0.0	0.0	0.000	0.000	0.000	0.0	0.0		11:49:08:952		
000:01:24.200	136.7	76.3	31.1	136.7	0.0	0.0	0.0	0.000	0.000	0.000	0.0	0.0		11:49:09:152		
000:01:24.400	136.5	76.3	31.1	136.5	0.0	0.0	0.0	0.000	0.000	0.000	0.0	0.0		11:49:09:352		
000:01:24.600	136.3	76.3	31.1	136.3	0.0	0.0	0.0	0.000	0.000	0.000	0.0	0.0		11:49:09:552		
000:01:24.800	136.1	76.3	31.1	136.0	0.0	0.0	0.0	0.000	0.000	0.000	0.0	0.0		11:49:09:752		
000:01:25.000	135.8	76.3	31.1	135.7	0.0	0.0	0.0	0.000	0.000	0.000	0.0	0.0		11:49:09:952		
000:01:25.200	135.5	76.3	31.1	135.4	0.0	0.0	0.0	0.000	0.000	0.000	0.0	0.0		11:49:10:152		
000:01:25.400	135.2	76.3	31.1	135.1	0.0	0.0	0.0	0.000	0.000	0.000	0.0	0.0		11:49:10:352		
000:01:25.600	134.9	76.3	31.1	134.9	0.0	0.0	0.0	0.000	0.000	0.000	0.0	0.0		11:49:10:552		
000:01:25.800	134.5	76.3	31.1	134.4	0.0	0.0	0.0	0.000	0.000	0.000	0.0	0.0		11:49:10:752		
000:01:26.000	134.1	76.3	31.1	134.1	0.0	0.0	0.0	0.000	0.000	0.000	0.0	0.0		11:49:10:952		
000:01:26.200	133.7	76.3	31.1	133.7	0.0	0.0	0.0	0.000	0.000	0.000	0.0	0.0		11:49:11:152		
000:01:26.400	133.1	76.3	31.1	133.1	0.0	0.0	0.0	0.000	0.000	0.000	0.0	0.0		11:49:11:352		
000:01:26.600	132.9	76.3	31.1	132.9	0.0	0.0	0.0	0.000	0.000	0.000	0.0	0.0		11:49:11:552		
000:01:26.800	132.7	76.3	31.1	132.6	0.0	0.0	0.0	0.000	0.000	0.000	0.0	0.0		11:49:11:752		
000:01:27.000	132.4	76.4	31.1	132.4	0.0	0.0	0.0	0.000	0.000	0.000	0.0	0.0		11:49:11:952		
000:01:27.200	132.1	76.4	31.1	132.1	0.0	0.0	0.0	0.000	0.000	0.000	0.0	0.0		11:49:12:152		
000:01:27.400	131.8	76.4	31.1	131.8	0.0	0.0	0.0	0.000	0.000	0.000	0.0	0.0		11:49:12:352		
000:01:27.600	131.6	76.4	31.1	131.6	0.0	0.0	0.0	0.000	0.000	0.000	0.0	0.0		11:49:12:552		
000:01:27.800	131.4	76.4	31.1	131.4	0.0	0.0	0.0	0.000	0.000	0.000	0.0	0.0		11:49:12:752		
000:01:28.000	131.1	76.4	31.1	131.1	0.0	0.0	0.0	0.000	0.000	0.000	0.0	0.0		11:49:12:952		
000:01:28.200	131.1	76.4	31.1	131.1	0.0	0.0	0.0	0.000	0.000	0.000	0.0	0.0		11:49:13:152		
000:01:28.400	131.0	76.4	31.1	131.0	0.0	0.0	0.0	0.000	0.000	0.000	0.0	0.0		11:49:13:352		
000:01:28.600	130.9	76.4	31.1	130.9	0.0	0.0	0.0	0.000	0.000	0.000	0.0	0.0		11:49:13:552		
000:01:28.800	130.8	76.4	31.1	130.8	0.0	0.0	0.0	0.000	0.000	0.000	0.0	0.0		11:49:13:752		
000:01:29.000	130.2	76.4	31.1	130.2	0.0	0.0	0.0	0.000	0.000	0.000	0.0	0.0		11:49:13:952		
000:01:29.200	129.9	76.3	31.1	129.9	0.0	0.0	0.0	0.000	0.000	0.000	0.0	0.0		11:49:14:152		
000:01:29.400	129.7	76.3	31.1	129.6	0.0	0.0	0.0	0.000	0.000	0.000	0.0	0.0		11:49:14:352		
000:01:29.600	129.0	76.3	31.1	129.0	0.0	0.0	0.0	0.000	0.000	0.000	0.0	0.0		11:49:14:552		
000:01:29.800	128.8	76.3	31.1	128.8	0.0	0.0	0.0	0.000	0.000	0.000	0.0	0.0		11:49:14:752		
000:01:30.000	128.6	76.3	31.1	128.6	0.0	0.0	0.0	0.000	0.000	0.000	0.0	0.0		11:49:14:952		
000:01:30.200	128.2	76.3	31.1	128.2	0.0	0.0	0.0	0.000	0.000	0.000	0.0	0.0		11:49:15:152		
000:01:30.400	128.1	76.3	31.1	128.1	0.0	0.0	0.0	0.000	0.000	0.000	0.0	0.0		11:49:15:352		
000:01:30.600	128.0	76.3	31.1	127.9	0.0	0.0	0.0	0.000	0.000	0.000	0.0	0.0		11:49:15:552		
000:01:30.800	127.7	76.3	31.1	127.6	0.0	0.0	0.0	0.000	0.000	0.000	0.0	0.0		11:49:15:752		
000:01:31.000	127.4	76.3	31.1	127.4	0.0	0.0	0.0	0.000	0.000	0.000	0.0	0.0		11:49:15:952		
000:01:31.200	126.9	76.3	31.1	126.9	0.0	0.0	0.0	0.000	0.000	0.000	0.0	0.0		11:49:16:152		
000:01:31.400	126.9	76.3	31.1	126.7	0.0	0.0	0.0	0.000	0.000	0.000	0.0	0.0		11:49:16:352		
000:01:31.600	126.9	76.3	31.1	126.6	0.0	0.0	0.0	0.000	0.000	0.000	0.0	0.0		11:49:16:552		
000:01:31.800	126.3	76.3	31.1	126.0	0.0	0.0	0.0	0.000	0.000	0.000	0.0	0.0		11:49:16:752		
000:01:32.000	125.6	76.2	31.1	125.4	0.0	0.0	0.0	0.000	0.000	0.000	0.0	0.0		11:49:16:952		
000:01:32.200	125.0	76.2	31.1	124.9	0.0	0.0	0.0	0.000	0.000	0.000	0.0	0.0		11:49:17:152		
000:01:32.400	125.0	76.2	31.1	125.0	0.0	0.0	0.0	0.000	0.000	0.000	0.0	0.0		11:49:17:352		
000:01:32.600	125.1	76.2	31.1	125.1	0.0	0.0	0.0	0.000	0.000	0.000	0.0	0.0		11:49:17:552		
000:01:32.800	124.8	76.2	31.1	124.8	0.0	0.0	0.0	0.000	0.000	0.000	0.0	0.0		11:49:17:752		
000:01:33.000	124.7	76.2	31.1	124.7	0.0	0.0	0.0	0.000	0.000	0.000	0.0	0.0		11:49:17:952		
000:01:33.200	124.6	76.2	31.1	124.5	0.0	0.0	0.0	0.000	0.000	0.000	0.0	0.0		11:49:18:152		
000:01:33.400	124.1	76.2	31.1	124.0	0.0	0.0	0.0	0.000	0.000	0.000	0.0	0.0		11:49:18:352		
000:01:33.600	123.9	76.1	31.1	123.8	0.0	0.0	0.0	0.000	0.000	0.000	0.0	0.0		11:49:18:552		
000:01:33.800	123.6	76.1	31.1	123.6	0.0	0.0	0.0	0.000	0.000	0.000	0.0	0.0		11:49:18:752		
000:01:34.000	123.4	76.1	31.1	123.3	0.0	0.0	0.0	0.000	0.000	0.000	0.0	0.0		11:49:18:952		
000:01:34.200	123.2	76.1	31.1	123.0	0.0	0.0	0.0	0.000	0.000	0.000	0.0	0.0		11:49:19:152		
000:01:34.400	122.8	76.1	31.1	122.8	0.0	0.0	0.0	0.000	0.000	0.000	0.0	0.0		11:49:19:352		
000:01:34.600	122.7	76.1	31.1	122.6	0.0	0.0	0.0	0.000	0.000	0.000	0.0	0.0		11:49:19:552		
000:01:34.800	122.5	76.1	31.1	122.4	0.0	0.0	0.0	0.000	0.000	0.000	0.0	0.0		11:49:19:752		
000:01:35.000	122.1	76.0	31.1	121.9	0.0	0.0	0.0	0.000	0.000	0.000	0.0	0.0		11:49:19:952		
000:01:35.200	121.9	76.0	31.1	121.8	0.0	0.0	0.0	0.000	0.000	0.000	0.0	0.0		11:49:20:152		
000:01:35.400	121.6	76.0	31.1	121.6	0.0	0.0	0.0	0.000	0.000	0.000	0.0	0.0		11:49:20:352		
000:01:35.600	121.4	76.0	31.1	121.4	0.0	0.0	0.0	0.000	0.000	0.000	0.0	0.0		11:49:20:552		
000:01:35.800	121.3	75.9	31.1	121.3	0.0	0.0	0.0	0.000	0.000	0.000	0.0	0.0		11:49:20:752		
000:01:36.000	121.1	75.9	31.1	121.1	0.0	0.0	0.0	0.000	0.000	0.000	0.0	0.0		11:49:20:952		
000:01:36.200	120.9	75.9	31.1	120.9	0.0	0.0	0.0	0.000	0.000	0.000	0.0	0.0		11:49:21:152		
000:01:36.400	120.7	75.9	31.1	120.7	0.0	0.0	0.0	0.000	0.000	0.000	0.0	0.0		11:49:21:352		
000:01:36.600	120.4	75.9	31.1	120.3	0.0	0.0	0.0	0.000	0.000	0.000	0.0	0.0		11:49:21:552		
000:01:36.800	120.3	75.9	31.1	120.2	0.0	0.0	0.0	0.000	0.000	0.000	0.0	0.0		11:49:21:752		
000:01:37.000	120.2	75.9	31.1	120.1	0.0	0.0	0.0	0.000	0.000	0.000	0.0	0.0		11:49:21:952		
000:01:37.200	120.0	75.9	31.1	120.0	0.0	0.0	0.0	0.000	0.000	0.000	0.0	0.0		11:49:22:152		
---------------------------------
End of File
