[Connect DataFile][2.1]
Date:	4/18/2022
Time:	15:14:47
Unit:	°C
Resolution:	0.200/0.100
Values:	12
SnapshotTrigger:	0	0.0
MeasurementTrigger:	0	0.0
Time	TProc	TInt	TBox	TAvg	T_2C	T_1C	Attenuation	Eps.	Value	Vcc	TAmb	TAct	CompressionIdx	Time absolute	ImageIdx	ImageValue
000:00:00.000	95.6	73.3	31.7	95.5	0.0	0.0	0.0	0.000	0.000	0.000	0.0	0.0		15:14:47:369		
000:00:00.200	95.6	73.3	31.7	95.5	0.0	0.0	0.0	0.000	0.000	0.000	0.0	0.0		15:14:47:569		
000:00:00.400	95.6	73.3	31.7	95.5	0.0	0.0	0.0	0.000	0.000	0.000	0.0	0.0		15:14:47:769		
000:00:00.600	95.6	73.3	31.7	95.6	0.0	0.0	0.0	0.000	0.000	0.000	0.0	0.0		15:14:47:969		
000:00:00.800	95.9	73.3	31.7	95.9	0.0	0.0	0.0	0.000	0.000	0.000	0.0	0.0		15:14:48:169		
000:00:01.000	95.7	73.3	31.7	95.7	0.0	0.0	0.0	0.000	0.000	0.000	0.0	0.0		15:14:48:369		
000:00:01.200	95.4	73.3	31.7	95.4	0.0	0.0	0.0	0.000	0.000	0.000	0.0	0.0		15:14:48:569		
000:00:01.400	96.1	73.3	31.7	96.2	0.0	0.0	0.0	0.000	0.000	0.000	0.0	0.0		15:14:48:769		
000:00:01.600	96.5	73.3	31.7	96.6	0.0	0.0	0.0	0.000	0.000	0.000	0.0	0.0		15:14:48:969		
000:00:01.800	96.9	73.3	31.7	97.0	0.0	0.0	0.0	0.000	0.000	0.000	0.0	0.0		15:14:49:169		
000:00:02.000	96.5	73.3	31.7	96.5	0.0	0.0	0.0	0.000	0.000	0.000	0.0	0.0		15:14:49:369		
000:00:02.200	95.5	73.3	31.7	95.5	0.0	0.0	0.0	0.000	0.000	0.000	0.0	0.0		15:14:49:569		
000:00:02.400	95.6	73.3	31.7	95.6	0.0	0.0	0.0	0.000	0.000	0.000	0.0	0.0		15:14:49:769		
000:00:02.600	95.7	73.3	31.7	95.7	0.0	0.0	0.0	0.000	0.000	0.000	0.0	0.0		15:14:49:969		
000:00:02.800	96.1	73.3	31.7	96.2	0.0	0.0	0.0	0.000	0.000	0.000	0.0	0.0		15:14:50:169		
000:00:03.000	96.9	73.3	31.7	96.8	0.0	0.0	0.0	0.000	0.000	0.000	0.0	0.0		15:14:50:369		
000:00:03.200	96.8	73.3	31.7	96.7	0.0	0.0	0.0	0.000	0.000	0.000	0.0	0.0		15:14:50:569		
000:00:03.400	96.7	73.3	31.7	96.6	0.0	0.0	0.0	0.000	0.000	0.000	0.0	0.0		15:14:50:769		
000:00:03.600	96.7	73.3	31.7	96.6	0.0	0.0	0.0	0.000	0.000	0.000	0.0	0.0		15:14:50:969		
000:00:03.800	96.5	73.3	31.7	96.6	0.0	0.0	0.0	0.000	0.000	0.000	0.0	0.0		15:14:51:169		
000:00:04.000	96.5	73.3	31.7	96.6	0.0	0.0	0.0	0.000	0.000	0.000	0.0	0.0		15:14:51:369		
000:00:04.200	96.5	73.3	31.7	96.5	0.0	0.0	0.0	0.000	0.000	0.000	0.0	0.0		15:14:51:569		
000:00:04.400	96.4	73.3	31.7	96.5	0.0	0.0	0.0	0.000	0.000	0.000	0.0	0.0		15:14:51:769		
000:00:04.600	96.5	73.3	31.7	96.3	0.0	0.0	0.0	0.000	0.000	0.000	0.0	0.0		15:14:51:969		
000:00:04.800	96.5	73.3	31.7	96.4	0.0	0.0	0.0	0.000	0.000	0.000	0.0	0.0		15:14:52:169		
000:00:05.000	96.5	73.3	31.7	96.5	0.0	0.0	0.0	0.000	0.000	0.000	0.0	0.0		15:14:52:369		
000:00:05.200	96.0	73.3	31.7	95.9	0.0	0.0	0.0	0.000	0.000	0.000	0.0	0.0		15:14:52:569		
000:00:05.400	96.1	73.3	31.7	96.1	0.0	0.0	0.0	0.000	0.000	0.000	0.0	0.0		15:14:52:769		
000:00:05.600	96.2	73.3	31.7	96.3	0.0	0.0	0.0	0.000	0.000	0.000	0.0	0.0		15:14:52:969		
000:00:05.800	95.4	73.3	31.7	95.4	0.0	0.0	0.0	0.000	0.000	0.000	0.0	0.0		15:14:53:169		
000:00:06.000	95.7	73.3	31.7	95.6	0.0	0.0	0.0	0.000	0.000	0.000	0.0	0.0		15:14:53:369		
000:00:06.200	95.6	73.3	31.7	95.6	0.0	0.0	0.0	0.000	0.000	0.000	0.0	0.0		15:14:53:569		
000:00:06.400	95.5	73.3	31.7	95.5	0.0	0.0	0.0	0.000	0.000	0.000	0.0	0.0		15:14:53:769		
000:00:06.600	95.5	73.3	31.7	95.6	0.0	0.0	0.0	0.000	0.000	0.000	0.0	0.0		15:14:53:969		
000:00:06.800	95.4	73.3	31.7	95.3	0.0	0.0	0.0	0.000	0.000	0.000	0.0	0.0		15:14:54:169		
000:00:07.000	95.3	73.3	31.7	95.3	0.0	0.0	0.0	0.000	0.000	0.000	0.0	0.0		15:14:54:369		
000:00:07.200	95.2	73.3	31.7	95.3	0.0	0.0	0.0	0.000	0.000	0.000	0.0	0.0		15:14:54:569		
000:00:07.400	96.3	73.3	31.7	96.4	0.0	0.0	0.0	0.000	0.000	0.000	0.0	0.0		15:14:54:769		
000:00:07.600	96.8	73.3	31.7	96.8	0.0	0.0	0.0	0.000	0.000	0.000	0.0	0.0		15:14:54:969		
000:00:07.800	96.7	73.3	31.7	96.6	0.0	0.0	0.0	0.000	0.000	0.000	0.0	0.0		15:14:55:169		
000:00:08.000	96.5	73.3	31.7	96.4	0.0	0.0	0.0	0.000	0.000	0.000	0.0	0.0		15:14:55:369		
000:00:08.200	95.4	73.3	31.7	95.4	0.0	0.0	0.0	0.000	0.000	0.000	0.0	0.0		15:14:55:569		
000:00:08.400	95.5	73.3	31.7	95.5	0.0	0.0	0.0	0.000	0.000	0.000	0.0	0.0		15:14:55:769		
000:00:08.600	96.1	73.3	31.7	96.1	0.0	0.0	0.0	0.000	0.000	0.000	0.0	0.0		15:14:55:969		
000:00:08.800	96.7	73.3	31.7	96.7	0.0	0.0	0.0	0.000	0.000	0.000	0.0	0.0		15:14:56:169		
000:00:09.000	96.9	73.3	31.7	96.8	0.0	0.0	0.0	0.000	0.000	0.000	0.0	0.0		15:14:56:369		
000:00:09.200	96.5	73.3	31.7	96.5	0.0	0.0	0.0	0.000	0.000	0.000	0.0	0.0		15:14:56:569		
000:00:09.400	96.5	73.3	31.7	96.5	0.0	0.0	0.0	0.000	0.000	0.000	0.0	0.0		15:14:56:769		
000:00:09.600	96.5	73.3	31.7	96.5	0.0	0.0	0.0	0.000	0.000	0.000	0.0	0.0		15:14:56:969		
000:00:09.800	96.5	73.3	31.7	96.4	0.0	0.0	0.0	0.000	0.000	0.000	0.0	0.0		15:14:57:169		
000:00:10.000	96.5	73.3	31.7	96.5	0.0	0.0	0.0	0.000	0.000	0.000	0.0	0.0		15:14:57:369		
000:00:10.200	96.5	73.3	31.7	96.5	0.0	0.0	0.0	0.000	0.000	0.000	0.0	0.0		15:14:57:569		
000:00:10.400	96.5	73.3	31.7	96.5	0.0	0.0	0.0	0.000	0.000	0.000	0.0	0.0		15:14:57:769		
000:00:10.600	96.4	73.3	31.7	96.4	0.0	0.0	0.0	0.000	0.000	0.000	0.0	0.0		15:14:57:969		
000:00:10.800	96.3	73.3	31.7	96.3	0.0	0.0	0.0	0.000	0.000	0.000	0.0	0.0		15:14:58:169		
000:00:11.000	96.2	73.3	31.7	96.2	0.0	0.0	0.0	0.000	0.000	0.000	0.0	0.0		15:14:58:369		
000:00:11.200	96.1	73.3	31.7	96.0	0.0	0.0	0.0	0.000	0.000	0.000	0.0	0.0		15:14:58:569		
000:00:11.400	95.8	73.3	31.7	95.8	0.0	0.0	0.0	0.000	0.000	0.000	0.0	0.0		15:14:58:769		
000:00:11.600	95.8	73.3	31.7	95.7	0.0	0.0	0.0	0.000	0.000	0.000	0.0	0.0		15:14:58:969		
000:00:11.800	95.7	73.3	31.7	95.6	0.0	0.0	0.0	0.000	0.000	0.000	0.0	0.0		15:14:59:169		
000:00:12.000	95.5	73.3	31.7	95.6	0.0	0.0	0.0	0.000	0.000	0.000	0.0	0.0		15:14:59:369		
000:00:12.200	95.8	73.3	31.7	95.8	0.0	0.0	0.0	0.000	0.000	0.000	0.0	0.0		15:14:59:569		
000:00:12.400	95.7	73.3	31.7	95.7	0.0	0.0	0.0	0.000	0.000	0.000	0.0	0.0		15:14:59:769		
000:00:12.600	95.6	73.3	31.7	95.5	0.0	0.0	0.0	0.000	0.000	0.000	0.0	0.0		15:14:59:969		
000:00:12.800	95.6	73.3	31.7	95.7	0.0	0.0	0.0	0.000	0.000	0.000	0.0	0.0		15:15:00:169		
000:00:13.000	96.1	73.3	31.7	96.1	0.0	0.0	0.0	0.000	0.000	0.000	0.0	0.0		15:15:00:369		
000:00:13.200	96.5	73.3	31.7	96.5	0.0	0.0	0.0	0.000	0.000	0.000	0.0	0.0		15:15:00:569		
000:00:13.400	96.9	73.3	31.7	96.8	0.0	0.0	0.0	0.000	0.000	0.000	0.0	0.0		15:15:00:769		
000:00:13.600	96.1	73.3	31.7	96.0	0.0	0.0	0.0	0.000	0.000	0.000	0.0	0.0		15:15:00:969		
000:00:13.800	95.4	73.3	31.7	95.3	0.0	0.0	0.0	0.000	0.000	0.000	0.0	0.0		15:15:01:169		
000:00:14.000	95.6	73.3	31.7	95.6	0.0	0.0	0.0	0.000	0.000	0.000	0.0	0.0		15:15:01:369		
000:00:14.200	95.8	73.3	31.7	95.8	0.0	0.0	0.0	0.000	0.000	0.000	0.0	0.0		15:15:01:569		
000:00:14.400	96.4	73.3	31.7	96.4	0.0	0.0	0.0	0.000	0.000	0.000	0.0	0.0		15:15:01:769		
000:00:14.600	96.4	73.3	31.7	96.4	0.0	0.0	0.0	0.000	0.000	0.000	0.0	0.0		15:15:01:969		
000:00:14.800	96.5	73.3	31.7	96.5	0.0	0.0	0.0	0.000	0.000	0.000	0.0	0.0		15:15:02:169		
000:00:15.000	96.5	73.4	31.7	96.6	0.0	0.0	0.0	0.000	0.000	0.000	0.0	0.0		15:15:02:369		
000:00:15.200	96.3	73.4	31.7	96.5	0.0	0.0	0.0	0.000	0.000	0.000	0.0	0.0		15:15:02:569		
000:00:15.400	96.5	73.4	31.7	96.6	0.0	0.0	0.0	0.000	0.000	0.000	0.0	0.0		15:15:02:769		
000:00:15.600	96.7	73.4	31.7	96.7	0.0	0.0	0.0	0.000	0.000	0.000	0.0	0.0		15:15:02:969		
000:00:15.800	96.3	73.4	31.7	96.3	0.0	0.0	0.0	0.000	0.000	0.000	0.0	0.0		15:15:03:169		
000:00:16.000	96.5	73.4	31.7	96.5	0.0	0.0	0.0	0.000	0.000	0.000	0.0	0.0		15:15:03:369		
000:00:16.200	96.3	73.4	31.7	96.3	0.0	0.0	0.0	0.000	0.000	0.000	0.0	0.0		15:15:03:569		
000:00:16.400	96.1	73.4	31.7	96.1	0.0	0.0	0.0	0.000	0.000	0.000	0.0	0.0		15:15:03:769		
000:00:16.600	96.5	73.4	31.7	96.5	0.0	0.0	0.0	0.000	0.000	0.000	0.0	0.0		15:15:03:969		
000:00:16.800	95.8	73.4	31.7	95.7	0.0	0.0	0.0	0.000	0.000	0.000	0.0	0.0		15:15:04:169		
000:00:17.000	96.1	73.4	31.7	96.1	0.0	0.0	0.0	0.000	0.000	0.000	0.0	0.0		15:15:04:369		
000:00:17.200	96.4	73.4	31.7	96.4	0.0	0.0	0.0	0.000	0.000	0.000	0.0	0.0		15:15:04:569		
000:00:17.400	95.6	73.4	31.7	95.7	0.0	0.0	0.0	0.000	0.000	0.000	0.0	0.0		15:15:04:769		
000:00:17.600	95.6	73.4	31.7	95.6	0.0	0.0	0.0	0.000	0.000	0.000	0.0	0.0		15:15:04:969		
000:00:17.800	95.6	73.4	31.7	95.6	0.0	0.0	0.0	0.000	0.000	0.000	0.0	0.0		15:15:05:169		
000:00:18.000	95.6	73.4	31.7	95.6	0.0	0.0	0.0	0.000	0.000	0.000	0.0	0.0		15:15:05:369		
000:00:18.200	95.6	73.4	31.7	95.6	0.0	0.0	0.0	0.000	0.000	0.000	0.0	0.0		15:15:05:569		
000:00:18.400	95.4	73.4	31.7	95.5	0.0	0.0	0.0	0.000	0.000	0.000	0.0	0.0		15:15:05:769		
000:00:18.600	95.5	73.4	31.7	95.6	0.0	0.0	0.0	0.000	0.000	0.000	0.0	0.0		15:15:05:969		
000:00:18.800	95.6	73.4	31.7	95.7	0.0	0.0	0.0	0.000	0.000	0.000	0.0	0.0		15:15:06:169		
000:00:19.000	96.5	73.4	31.7	96.4	0.0	0.0	0.0	0.000	0.000	0.000	0.0	0.0		15:15:06:369		
000:00:19.200	96.8	73.4	31.7	96.8	0.0	0.0	0.0	0.000	0.000	0.000	0.0	0.0		15:15:06:569		
000:00:19.400	96.6	73.4	31.7	96.4	0.0	0.0	0.0	0.000	0.000	0.000	0.0	0.0		15:15:06:769		
000:00:19.600	96.3	73.4	31.7	96.1	0.0	0.0	0.0	0.000	0.000	0.000	0.0	0.0		15:15:06:969		
000:00:19.800	95.5	73.4	31.7	95.5	0.0	0.0	0.0	0.000	0.000	0.000	0.0	0.0		15:15:07:169		
000:00:20.000	95.8	73.4	31.7	95.8	0.0	0.0	0.0	0.000	0.000	0.000	0.0	0.0		15:15:07:369		
000:00:20.200	96.1	73.4	31.7	96.2	0.0	0.0	0.0	0.000	0.000	0.000	0.0	0.0		15:15:07:569		
000:00:20.400	96.7	73.4	31.7	96.7	0.0	0.0	0.0	0.000	0.000	0.000	0.0	0.0		15:15:07:769		
000:00:20.600	96.6	73.4	31.7	96.6	0.0	0.0	0.0	0.000	0.000	0.000	0.0	0.0		15:15:07:969		
000:00:20.800	96.6	73.4	31.7	96.6	0.0	0.0	0.0	0.000	0.000	0.000	0.0	0.0		15:15:08:169		
000:00:21.000	96.5	73.4	31.7	96.5	0.0	0.0	0.0	0.000	0.000	0.000	0.0	0.0		15:15:08:369		
000:00:21.200	96.5	73.4	31.7	96.4	0.0	0.0	0.0	0.000	0.000	0.000	0.0	0.0		15:15:08:569		
000:00:21.400	96.4	73.4	31.7	96.4	0.0	0.0	0.0	0.000	0.000	0.000	0.0	0.0		15:15:08:769		
000:00:21.600	96.4	73.4	31.7	96.4	0.0	0.0	0.0	0.000	0.000	0.000	0.0	0.0		15:15:08:969		
000:00:21.800	96.3	73.4	31.7	96.3	0.0	0.0	0.0	0.000	0.000	0.000	0.0	0.0		15:15:09:169		
000:00:22.000	96.3	73.4	31.7	96.3	0.0	0.0	0.0	0.000	0.000	0.000	0.0	0.0		15:15:09:369		
000:00:22.200	96.1	73.4	31.7	96.2	0.0	0.0	0.0	0.000	0.000	0.000	0.0	0.0		15:15:09:569		
000:00:22.400	95.9	73.4	31.7	96.0	0.0	0.0	0.0	0.000	0.000	0.000	0.0	0.0		15:15:09:769		
000:00:22.600	96.1	73.4	31.7	96.1	0.0	0.0	0.0	0.000	0.000	0.000	0.0	0.0		15:15:09:969		
000:00:22.800	95.8	73.4	31.7	95.8	0.0	0.0	0.0	0.000	0.000	0.000	0.0	0.0		15:15:10:169		
000:00:23.000	95.6	73.4	31.7	95.6	0.0	0.0	0.0	0.000	0.000	0.000	0.0	0.0		15:15:10:369		
000:00:23.200	95.7	73.4	31.7	95.6	0.0	0.0	0.0	0.000	0.000	0.000	0.0	0.0		15:15:10:569		
000:00:23.400	95.6	73.4	31.7	95.5	0.0	0.0	0.0	0.000	0.000	0.000	0.0	0.0		15:15:10:769		
000:00:23.600	95.7	73.4	31.7	95.6	0.0	0.0	0.0	0.000	0.000	0.000	0.0	0.0		15:15:10:969		
000:00:23.800	95.7	73.4	31.7	95.7	0.0	0.0	0.0	0.000	0.000	0.000	0.0	0.0		15:15:11:169		
000:00:24.000	95.5	73.4	31.7	95.4	0.0	0.0	0.0	0.000	0.000	0.000	0.0	0.0		15:15:11:369		
000:00:24.200	95.5	73.4	31.7	95.5	0.0	0.0	0.0	0.000	0.000	0.000	0.0	0.0		15:15:11:569		
000:00:24.400	95.5	73.4	31.7	95.6	0.0	0.0	0.0	0.000	0.000	0.000	0.0	0.0		15:15:11:769		
000:00:24.600	96.3	73.4	31.7	96.3	0.0	0.0	0.0	0.000	0.000	0.000	0.0	0.0		15:15:11:969		
000:00:24.800	96.7	73.4	31.7	96.6	0.0	0.0	0.0	0.000	0.000	0.000	0.0	0.0		15:15:12:169		
000:00:25.000	96.4	73.4	31.7	96.3	0.0	0.0	0.0	0.000	0.000	0.000	0.0	0.0		15:15:12:369		
000:00:25.200	96.1	73.4	31.7	95.9	0.0	0.0	0.0	0.000	0.000	0.000	0.0	0.0		15:15:12:569		
000:00:25.400	95.4	73.4	31.7	95.4	0.0	0.0	0.0	0.000	0.000	0.000	0.0	0.0		15:15:12:769		
000:00:25.600	95.6	73.4	31.7	95.6	0.0	0.0	0.0	0.000	0.000	0.000	0.0	0.0		15:15:12:969		
000:00:25.800	95.8	73.4	31.7	95.8	0.0	0.0	0.0	0.000	0.000	0.000	0.0	0.0		15:15:13:169		
000:00:26.000	96.2	73.4	31.7	96.2	0.0	0.0	0.0	0.000	0.000	0.000	0.0	0.0		15:15:13:369		
000:00:26.200	96.3	73.4	31.7	96.3	0.0	0.0	0.0	0.000	0.000	0.000	0.0	0.0		15:15:13:569		
000:00:26.400	96.3	73.4	31.7	96.4	0.0	0.0	0.0	0.000	0.000	0.000	0.0	0.0		15:15:13:769		
000:00:26.600	96.3	73.5	31.7	96.4	0.0	0.0	0.0	0.000	0.000	0.000	0.0	0.0		15:15:13:969		
000:00:26.800	96.4	73.5	31.7	96.4	0.0	0.0	0.0	0.000	0.000	0.000	0.0	0.0		15:15:14:169		
000:00:27.000	96.6	73.5	31.7	96.5	0.0	0.0	0.0	0.000	0.000	0.000	0.0	0.0		15:15:14:369		
000:00:27.200	96.4	73.5	31.7	96.3	0.0	0.0	0.0	0.000	0.000	0.000	0.0	0.0		15:15:14:569		
000:00:27.400	96.2	73.5	31.7	96.2	0.0	0.0	0.0	0.000	0.000	0.000	0.0	0.0		15:15:14:769		
000:00:27.600	96.4	73.5	31.7	96.3	0.0	0.0	0.0	0.000	0.000	0.000	0.0	0.0		15:15:14:969		
000:00:27.800	96.1	73.5	31.7	96.1	0.0	0.0	0.0	0.000	0.000	0.000	0.0	0.0		15:15:15:169		
000:00:28.000	96.3	73.5	31.7	96.3	0.0	0.0	0.0	0.000	0.000	0.000	0.0	0.0		15:15:15:369		
000:00:28.200	96.4	73.5	31.7	96.4	0.0	0.0	0.0	0.000	0.000	0.000	0.0	0.0		15:15:15:569		
000:00:28.400	95.8	73.5	31.7	95.9	0.0	0.0	0.0	0.000	0.000	0.000	0.0	0.0		15:15:15:769		
000:00:28.600	96.0	73.5	31.7	95.9	0.0	0.0	0.0	0.000	0.000	0.000	0.0	0.0		15:15:15:969		
000:00:28.800	96.2	73.5	31.7	96.0	0.0	0.0	0.0	0.000	0.000	0.000	0.0	0.0		15:15:16:169		
000:00:29.000	95.9	73.5	31.7	96.0	0.0	0.0	0.0	0.000	0.000	0.000	0.0	0.0		15:15:16:369		
000:00:29.200	95.7	73.5	31.7	95.7	0.0	0.0	0.0	0.000	0.000	0.000	0.0	0.0		15:15:16:569		
000:00:29.400	95.6	73.5	31.7	95.6	0.0	0.0	0.0	0.000	0.000	0.000	0.0	0.0		15:15:16:769		
000:00:29.600	95.6	73.5	31.7	95.6	0.0	0.0	0.0	0.000	0.000	0.000	0.0	0.0		15:15:16:969		
000:00:29.800	95.5	73.5	31.7	95.5	0.0	0.0	0.0	0.000	0.000	0.000	0.0	0.0		15:15:17:169		
000:00:30.000	95.5	73.5	31.7	95.5	0.0	0.0	0.0	0.000	0.000	0.000	0.0	0.0		15:15:17:369		
000:00:30.200	95.4	73.5	31.7	95.5	0.0	0.0	0.0	0.000	0.000	0.000	0.0	0.0		15:15:17:569		
000:00:30.400	96.0	73.5	31.7	96.1	0.0	0.0	0.0	0.000	0.000	0.000	0.0	0.0		15:15:17:769		
000:00:30.600	96.4	73.5	31.7	96.4	0.0	0.0	0.0	0.000	0.000	0.000	0.0	0.0		15:15:17:969		
000:00:30.800	96.5	73.5	31.7	96.4	0.0	0.0	0.0	0.000	0.000	0.000	0.0	0.0		15:15:18:169		
000:00:31.000	96.5	73.5	31.7	96.4	0.0	0.0	0.0	0.000	0.000	0.000	0.0	0.0		15:15:18:369		
000:00:31.200	95.5	73.5	31.7	95.5	0.0	0.0	0.0	0.000	0.000	0.000	0.0	0.0		15:15:18:569		
000:00:31.400	95.5	73.5	31.7	95.5	0.0	0.0	0.0	0.000	0.000	0.000	0.0	0.0		15:15:18:769		
000:00:31.600	95.5	73.5	31.7	95.5	0.0	0.0	0.0	0.000	0.000	0.000	0.0	0.0		15:15:18:969		
000:00:31.800	96.6	73.5	31.7	96.6	0.0	0.0	0.0	0.000	0.000	0.000	0.0	0.0		15:15:19:169		
000:00:32.000	96.6	73.5	31.7	96.6	0.0	0.0	0.0	0.000	0.000	0.000	0.0	0.0		15:15:19:369		
000:00:32.200	96.5	73.5	31.7	96.5	0.0	0.0	0.0	0.000	0.000	0.000	0.0	0.0		15:15:19:569		
000:00:32.400	96.3	73.5	31.7	96.2	0.0	0.0	0.0	0.000	0.000	0.000	0.0	0.0		15:15:19:769		
000:00:32.600	96.3	73.5	31.7	96.3	0.0	0.0	0.0	0.000	0.000	0.000	0.0	0.0		15:15:19:969		
000:00:32.800	96.3	73.5	31.7	96.3	0.0	0.0	0.0	0.000	0.000	0.000	0.0	0.0		15:15:20:169		
000:00:33.000	96.2	73.5	31.7	96.3	0.0	0.0	0.0	0.000	0.000	0.000	0.0	0.0		15:15:20:369		
000:00:33.200	96.4	73.5	31.7	96.4	0.0	0.0	0.0	0.000	0.000	0.000	0.0	0.0		15:15:20:569		
000:00:33.400	96.4	73.5	31.7	96.4	0.0	0.0	0.0	0.000	0.000	0.000	0.0	0.0		15:15:20:769		
000:00:33.600	96.3	73.5	31.7	96.3	0.0	0.0	0.0	0.000	0.000	0.000	0.0	0.0		15:15:20:969		
000:00:33.800	96.2	73.5	31.7	96.0	0.0	0.0	0.0	0.000	0.000	0.000	0.0	0.0		15:15:21:169		
000:00:34.000	96.2	73.5	31.7	96.2	0.0	0.0	0.0	0.000	0.000	0.000	0.0	0.0		15:15:21:369		
000:00:34.200	95.9	73.5	31.7	95.9	0.0	0.0	0.0	0.000	0.000	0.000	0.0	0.0		15:15:21:569		
000:00:34.400	95.7	73.5	31.7	95.7	0.0	0.0	0.0	0.000	0.000	0.000	0.0	0.0		15:15:21:769		
000:00:34.600	96.0	73.5	31.7	96.0	0.0	0.0	0.0	0.000	0.000	0.000	0.0	0.0		15:15:21:969		
000:00:34.800	95.8	73.5	31.7	95.8	0.0	0.0	0.0	0.000	0.000	0.000	0.0	0.0		15:15:22:169		
000:00:35.000	95.6	73.5	31.7	95.7	0.0	0.0	0.0	0.000	0.000	0.000	0.0	0.0		15:15:22:369		
000:00:35.200	95.7	73.5	31.7	95.7	0.0	0.0	0.0	0.000	0.000	0.000	0.0	0.0		15:15:22:569		
000:00:35.400	95.8	73.5	31.7	95.7	0.0	0.0	0.0	0.000	0.000	0.000	0.0	0.0		15:15:22:769		
000:00:35.600	95.6	73.5	31.7	95.5	0.0	0.0	0.0	0.000	0.000	0.000	0.0	0.0		15:15:22:969		
000:00:35.800	95.4	73.5	31.7	95.4	0.0	0.0	0.0	0.000	0.000	0.000	0.0	0.0		15:15:23:169		
000:00:36.000	96.2	73.5	31.7	96.2	0.0	0.0	0.0	0.000	0.000	0.000	0.0	0.0		15:15:23:369		
000:00:36.200	96.3	73.5	31.7	96.3	0.0	0.0	0.0	0.000	0.000	0.000	0.0	0.0		15:15:23:569		
000:00:36.400	96.4	73.5	31.7	96.4	0.0	0.0	0.0	0.000	0.000	0.000	0.0	0.0		15:15:23:769		
000:00:36.600	96.3	73.5	31.7	96.2	0.0	0.0	0.0	0.000	0.000	0.000	0.0	0.0		15:15:23:969		
000:00:36.800	95.9	73.5	31.7	95.8	0.0	0.0	0.0	0.000	0.000	0.000	0.0	0.0		15:15:24:169		
000:00:37.000	95.4	73.5	31.7	95.4	0.0	0.0	0.0	0.000	0.000	0.000	0.0	0.0		15:15:24:369		
000:00:37.200	95.9	73.5	31.7	95.9	0.0	0.0	0.0	0.000	0.000	0.000	0.0	0.0		15:15:24:569		
000:00:37.400	96.2	73.5	31.7	96.1	0.0	0.0	0.0	0.000	0.000	0.000	0.0	0.0		15:15:24:769		
000:00:37.600	96.2	73.5	31.7	96.1	0.0	0.0	0.0	0.000	0.000	0.000	0.0	0.0		15:15:24:969		
000:00:37.800	96.2	73.5	31.7	96.1	0.0	0.0	0.0	0.000	0.000	0.000	0.0	0.0		15:15:25:169		
000:00:38.000	96.2	73.5	31.7	96.2	0.0	0.0	0.0	0.000	0.000	0.000	0.0	0.0		15:15:25:369		
000:00:38.200	96.2	73.5	31.7	96.2	0.0	0.0	0.0	0.000	0.000	0.000	0.0	0.0		15:15:25:569		
000:00:38.400	96.2	73.5	31.7	96.2	0.0	0.0	0.0	0.000	0.000	0.000	0.0	0.0		15:15:25:769		
000:00:38.600	96.2	73.5	31.7	96.2	0.0	0.0	0.0	0.000	0.000	0.000	0.0	0.0		15:15:25:969		
000:00:38.800	96.2	73.5	31.7	96.2	0.0	0.0	0.0	0.000	0.000	0.000	0.0	0.0		15:15:26:169		
000:00:39.000	96.2	73.5	31.7	96.2	0.0	0.0	0.0	0.000	0.000	0.000	0.0	0.0		15:15:26:369		
000:00:39.200	96.3	73.5	31.7	96.2	0.0	0.0	0.0	0.000	0.000	0.000	0.0	0.0		15:15:26:569		
000:00:39.400	96.3	73.5	31.7	96.3	0.0	0.0	0.0	0.000	0.000	0.000	0.0	0.0		15:15:26:769		
000:00:39.600	96.3	73.5	31.7	96.2	0.0	0.0	0.0	0.000	0.000	0.000	0.0	0.0		15:15:26:969		
000:00:39.800	96.2	73.5	31.7	96.0	0.0	0.0	0.0	0.000	0.000	0.000	0.0	0.0		15:15:27:169		
000:00:40.000	96.2	73.6	31.7	96.2	0.0	0.0	0.0	0.000	0.000	0.000	0.0	0.0		15:15:27:369		
000:00:40.200	95.9	73.6	31.7	95.9	0.0	0.0	0.0	0.000	0.000	0.000	0.0	0.0		15:15:27:569		
000:00:40.400	95.6	73.6	31.7	95.6	0.0	0.0	0.0	0.000	0.000	0.000	0.0	0.0		15:15:27:769		
000:00:40.600	95.9	73.6	31.7	95.9	0.0	0.0	0.0	0.000	0.000	0.000	0.0	0.0		15:15:27:969		
000:00:40.800	95.6	73.6	31.7	95.5	0.0	0.0	0.0	0.000	0.000	0.000	0.0	0.0		15:15:28:169		
000:00:41.000	95.6	73.6	31.7	95.5	0.0	0.0	0.0	0.000	0.000	0.000	0.0	0.0		15:15:28:369		
000:00:41.200	95.5	73.6	31.7	95.5	0.0	0.0	0.0	0.000	0.000	0.000	0.0	0.0		15:15:28:569		
000:00:41.400	95.5	73.6	31.7	95.4	0.0	0.0	0.0	0.000	0.000	0.000	0.0	0.0		15:15:28:769		
000:00:41.600	95.5	73.6	31.7	95.4	0.0	0.0	0.0	0.000	0.000	0.000	0.0	0.0		15:15:28:969		
000:00:41.800	95.5	73.6	31.7	95.5	0.0	0.0	0.0	0.000	0.000	0.000	0.0	0.0		15:15:29:169		
000:00:42.000	96.2	73.6	31.7	96.2	0.0	0.0	0.0	0.000	0.000	0.000	0.0	0.0		15:15:29:369		
000:00:42.200	96.3	73.6	31.7	96.3	0.0	0.0	0.0	0.000	0.000	0.000	0.0	0.0		15:15:29:569		
000:00:42.400	96.5	73.6	31.7	96.5	0.0	0.0	0.0	0.000	0.000	0.000	0.0	0.0		15:15:29:769		
000:00:42.600	96.1	73.6	31.7	96.0	0.0	0.0	0.0	0.000	0.000	0.000	0.0	0.0		15:15:29:969		
000:00:42.800	95.5	73.6	31.7	95.4	0.0	0.0	0.0	0.000	0.000	0.000	0.0	0.0		15:15:30:169		
000:00:43.000	95.8	73.6	31.7	95.8	0.0	0.0	0.0	0.000	0.000	0.000	0.0	0.0		15:15:30:369		
000:00:43.200	96.1	73.6	31.7	96.1	0.0	0.0	0.0	0.000	0.000	0.000	0.0	0.0		15:15:30:569		
000:00:43.400	96.5	73.6	31.7	96.4	0.0	0.0	0.0	0.000	0.000	0.000	0.0	0.0		15:15:30:769		
000:00:43.600	96.3	73.6	31.7	96.3	0.0	0.0	0.0	0.000	0.000	0.000	0.0	0.0		15:15:30:969		
000:00:43.800	96.2	73.6	31.7	96.2	0.0	0.0	0.0	0.000	0.000	0.000	0.0	0.0		15:15:31:169		
000:00:44.000	96.1	73.6	31.7	96.1	0.0	0.0	0.0	0.000	0.000	0.000	0.0	0.0		15:15:31:369		
000:00:44.200	96.2	73.6	31.7	96.1	0.0	0.0	0.0	0.000	0.000	0.000	0.0	0.0		15:15:31:569		
000:00:44.400	96.3	73.6	31.7	96.2	0.0	0.0	0.0	0.000	0.000	0.000	0.0	0.0		15:15:31:769		
000:00:44.600	96.1	73.6	31.7	96.1	0.0	0.0	0.0	0.000	0.000	0.000	0.0	0.0		15:15:31:969		
000:00:44.800	96.2	73.6	31.7	96.2	0.0	0.0	0.0	0.000	0.000	0.000	0.0	0.0		15:15:32:169		
000:00:45.000	96.2	73.6	31.7	96.2	0.0	0.0	0.0	0.000	0.000	0.000	0.0	0.0		15:15:32:369		
000:00:45.200	96.2	73.6	31.7	96.2	0.0	0.0	0.0	0.000	0.000	0.000	0.0	0.0		15:15:32:569		
000:00:45.400	96.1	73.6	31.7	96.2	0.0	0.0	0.0	0.000	0.000	0.000	0.0	0.0		15:15:32:769		
000:00:45.600	96.1	73.6	31.7	96.1	0.0	0.0	0.0	0.000	0.000	0.000	0.0	0.0		15:15:32:969		
000:00:45.800	96.1	73.6	31.7	96.1	0.0	0.0	0.0	0.000	0.000	0.000	0.0	0.0		15:15:33:169		
000:00:46.000	95.9	73.6	31.7	95.9	0.0	0.0	0.0	0.000	0.000	0.000	0.0	0.0		15:15:33:369		
000:00:46.200	95.8	73.6	31.7	95.8	0.0	0.0	0.0	0.000	0.000	0.000	0.0	0.0		15:15:33:569		
000:00:46.400	95.6	73.6	31.7	95.6	0.0	0.0	0.0	0.000	0.000	0.000	0.0	0.0		15:15:33:769		
000:00:46.600	95.6	73.6	31.7	95.5	0.0	0.0	0.0	0.000	0.000	0.000	0.0	0.0		15:15:33:969		
000:00:46.800	95.9	73.6	31.7	95.9	0.0	0.0	0.0	0.000	0.000	0.000	0.0	0.0		15:15:34:169		
000:00:47.000	95.7	73.6	31.7	95.7	0.0	0.0	0.0	0.000	0.000	0.000	0.0	0.0		15:15:34:369		
000:00:47.200	95.5	73.6	31.7	95.5	0.0	0.0	0.0	0.000	0.000	0.000	0.0	0.0		15:15:34:569		
000:00:47.400	95.9	73.6	31.7	95.9	0.0	0.0	0.0	0.000	0.000	0.000	0.0	0.0		15:15:34:769		
000:00:47.600	96.0	73.6	31.7	96.0	0.0	0.0	0.0	0.000	0.000	0.000	0.0	0.0		15:15:34:969		
000:00:47.800	96.0	73.6	31.7	96.0	0.0	0.0	0.0	0.000	0.000	0.000	0.0	0.0		15:15:35:169		
000:00:48.000	96.3	73.6	31.7	96.3	0.0	0.0	0.0	0.000	0.000	0.000	0.0	0.0		15:15:35:369		
000:00:48.200	95.6	73.6	31.7	95.6	0.0	0.0	0.0	0.000	0.000	0.000	0.0	0.0		15:15:35:569		
000:00:48.400	95.7	73.6	31.7	95.7	0.0	0.0	0.0	0.000	0.000	0.000	0.0	0.0		15:15:35:769		
000:00:48.600	95.7	73.6	31.7	95.8	0.0	0.0	0.0	0.000	0.000	0.000	0.0	0.0		15:15:35:969		
000:00:48.800	95.9	73.6	31.7	96.0	0.0	0.0	0.0	0.000	0.000	0.000	0.0	0.0		15:15:36:169		
000:00:49.000	95.9	73.6	31.7	95.9	0.0	0.0	0.0	0.000	0.000	0.000	0.0	0.0		15:15:36:369		
000:00:49.200	96.0	73.6	31.7	95.9	0.0	0.0	0.0	0.000	0.000	0.000	0.0	0.0		15:15:36:569		
000:00:49.400	96.0	73.6	31.7	96.0	0.0	0.0	0.0	0.000	0.000	0.000	0.0	0.0		15:15:36:769		
000:00:49.600	96.1	73.6	31.7	96.1	0.0	0.0	0.0	0.000	0.000	0.000	0.0	0.0		15:15:36:969		
000:00:49.800	96.1	73.6	31.7	96.1	0.0	0.0	0.0	0.000	0.000	0.000	0.0	0.0		15:15:37:169		
000:00:50.000	96.2	73.6	31.7	96.2	0.0	0.0	0.0	0.000	0.000	0.000	0.0	0.0		15:15:37:369		
000:00:50.200	96.1	73.6	31.7	96.1	0.0	0.0	0.0	0.000	0.000	0.000	0.0	0.0		15:15:37:569		
000:00:50.400	96.1	73.6	31.7	96.1	0.0	0.0	0.0	0.000	0.000	0.000	0.0	0.0		15:15:37:769		
000:00:50.600	96.2	73.6	31.7	96.2	0.0	0.0	0.0	0.000	0.000	0.000	0.0	0.0		15:15:37:969		
000:00:50.800	96.1	73.6	31.7	96.0	0.0	0.0	0.0	0.000	0.000	0.000	0.0	0.0		15:15:38:169		
000:00:51.000	96.2	73.6	31.7	96.2	0.0	0.0	0.0	0.000	0.000	0.000	0.0	0.0		15:15:38:369		
000:00:51.200	96.3	73.6	31.7	96.3	0.0	0.0	0.0	0.000	0.000	0.000	0.0	0.0		15:15:38:569		
000:00:51.400	95.8	73.6	31.7	95.8	0.0	0.0	0.0	0.000	0.000	0.000	0.0	0.0		15:15:38:769		
000:00:51.600	96.3	73.6	31.7	96.2	0.0	0.0	0.0	0.000	0.000	0.000	0.0	0.0		15:15:38:969		
000:00:51.800	96.1	73.6	31.7	96.1	0.0	0.0	0.0	0.000	0.000	0.000	0.0	0.0		15:15:39:169		
000:00:52.000	95.8	73.7	31.7	95.9	0.0	0.0	0.0	0.000	0.000	0.000	0.0	0.0		15:15:39:369		
000:00:52.200	95.8	73.7	31.7	95.8	0.0	0.0	0.0	0.000	0.000	0.000	0.0	0.0		15:15:39:569		
000:00:52.400	95.7	73.7	31.7	95.8	0.0	0.0	0.0	0.000	0.000	0.000	0.0	0.0		15:15:39:769		
000:00:52.600	95.6	73.7	31.7	95.7	0.0	0.0	0.0	0.000	0.000	0.000	0.0	0.0		15:15:39:969		
000:00:52.800	95.6	73.7	31.7	95.6	0.0	0.0	0.0	0.000	0.000	0.000	0.0	0.0		15:15:40:169		
000:00:53.000	95.6	73.7	31.7	95.6	0.0	0.0	0.0	0.000	0.000	0.000	0.0	0.0		15:15:40:369		
000:00:53.200	95.5	73.7	31.7	95.6	0.0	0.0	0.0	0.000	0.000	0.000	0.0	0.0		15:15:40:569		
000:00:53.400	96.0	73.7	31.7	96.1	0.0	0.0	0.0	0.000	0.000	0.000	0.0	0.0		15:15:40:769		
000:00:53.600	96.0	73.7	31.7	96.1	0.0	0.0	0.0	0.000	0.000	0.000	0.0	0.0		15:15:40:969		
000:00:53.800	96.0	73.7	31.7	96.1	0.0	0.0	0.0	0.000	0.000	0.000	0.0	0.0		15:15:41:169		
000:00:54.000	96.4	73.7	31.7	96.4	0.0	0.0	0.0	0.000	0.000	0.000	0.0	0.0		15:15:41:369		
000:00:54.200	95.6	73.7	31.7	95.6	0.0	0.0	0.0	0.000	0.000	0.000	0.0	0.0		15:15:41:569		
000:00:54.400	95.6	73.7	31.7	95.6	0.0	0.0	0.0	0.000	0.000	0.000	0.0	0.0		15:15:41:769		
000:00:54.600	95.6	73.7	31.7	95.6	0.0	0.0	0.0	0.000	0.000	0.000	0.0	0.0		15:15:41:969		
000:00:54.800	96.4	73.7	31.7	96.4	0.0	0.0	0.0	0.000	0.000	0.000	0.0	0.0		15:15:42:169		
000:00:55.000	96.4	73.7	31.7	96.4	0.0	0.0	0.0	0.000	0.000	0.000	0.0	0.0		15:15:42:369		
000:00:55.200	96.4	73.7	31.7	96.4	0.0	0.0	0.0	0.000	0.000	0.000	0.0	0.0		15:15:42:569		
000:00:55.400	96.2	73.7	31.7	96.1	0.0	0.0	0.0	0.000	0.000	0.000	0.0	0.0		15:15:42:769		
000:00:55.600	96.1	73.7	31.7	96.0	0.0	0.0	0.0	0.000	0.000	0.000	0.0	0.0		15:15:42:969		
000:00:55.800	96.0	73.7	31.7	96.0	0.0	0.0	0.0	0.000	0.000	0.000	0.0	0.0		15:15:43:169		
000:00:56.000	96.0	73.7	31.7	96.0	0.0	0.0	0.0	0.000	0.000	0.000	0.0	0.0		15:15:43:369		
000:00:56.200	96.3	73.7	31.7	96.3	0.0	0.0	0.0	0.000	0.000	0.000	0.0	0.0		15:15:43:569		
000:00:56.400	96.3	73.7	31.7	96.2	0.0	0.0	0.0	0.000	0.000	0.000	0.0	0.0		15:15:43:769		
000:00:56.600	96.2	73.7	31.7	96.1	0.0	0.0	0.0	0.000	0.000	0.000	0.0	0.0		15:15:43:969		
000:00:56.800	96.1	73.7	31.7	96.1	0.0	0.0	0.0	0.000	0.000	0.000	0.0	0.0		15:15:44:169		
000:00:57.000	96.1	73.7	31.7	96.1	0.0	0.0	0.0	0.000	0.000	0.000	0.0	0.0		15:15:44:369		
000:00:57.200	96.1	73.7	31.7	96.1	0.0	0.0	0.0	0.000	0.000	0.000	0.0	0.0		15:15:44:569		
000:00:57.400	95.6	73.7	31.7	95.6	0.0	0.0	0.0	0.000	0.000	0.000	0.0	0.0		15:15:44:769		
000:00:57.600	96.0	73.7	31.7	96.0	0.0	0.0	0.0	0.000	0.000	0.000	0.0	0.0		15:15:44:969		
000:00:57.800	95.8	73.7	31.7	95.8	0.0	0.0	0.0	0.000	0.000	0.000	0.0	0.0		15:15:45:169		
000:00:58.000	95.7	73.7	31.7	95.7	0.0	0.0	0.0	0.000	0.000	0.000	0.0	0.0		15:15:45:369		
000:00:58.200	95.9	73.7	31.7	95.8	0.0	0.0	0.0	0.000	0.000	0.000	0.0	0.0		15:15:45:569		
000:00:58.400	95.8	73.7	31.7	95.6	0.0	0.0	0.0	0.000	0.000	0.000	0.0	0.0		15:15:45:769		
000:00:58.600	95.6	73.7	31.7	95.5	0.0	0.0	0.0	0.000	0.000	0.000	0.0	0.0		15:15:45:969		
000:00:58.800	95.6	73.7	31.7	95.6	0.0	0.0	0.0	0.000	0.000	0.000	0.0	0.0		15:15:46:169		
000:00:59.000	95.8	73.7	31.7	95.8	0.0	0.0	0.0	0.000	0.000	0.000	0.0	0.0		15:15:46:369		
000:00:59.200	96.0	73.7	31.7	96.0	0.0	0.0	0.0	0.000	0.000	0.000	0.0	0.0		15:15:46:569		
000:00:59.400	96.2	73.7	31.7	96.2	0.0	0.0	0.0	0.000	0.000	0.000	0.0	0.0		15:15:46:769		
000:00:59.600	96.2	73.7	31.7	96.1	0.0	0.0	0.0	0.000	0.000	0.000	0.0	0.0		15:15:46:969		
000:00:59.800	96.1	73.7	31.7	96.0	0.0	0.0	0.0	0.000	0.000	0.000	0.0	0.0		15:15:47:169		
000:01:00.000	95.4	73.7	31.7	95.5	0.0	0.0	0.0	0.000	0.000	0.000	0.0	0.0		15:15:47:369		
000:01:00.200	95.9	73.7	31.7	95.9	0.0	0.0	0.0	0.000	0.000	0.000	0.0	0.0		15:15:47:569		
000:01:00.400	95.8	73.7	31.7	95.8	0.0	0.0	0.0	0.000	0.000	0.000	0.0	0.0		15:15:47:769		
000:01:00.600	95.7	73.7	31.7	95.8	0.0	0.0	0.0	0.000	0.000	0.000	0.0	0.0		15:15:47:969		
000:01:00.800	95.6	73.7	31.7	95.7	0.0	0.0	0.0	0.000	0.000	0.000	0.0	0.0		15:15:48:169		
000:01:01.000	95.8	73.7	31.7	95.8	0.0	0.0	0.0	0.000	0.000	0.000	0.0	0.0		15:15:48:369		
000:01:01.200	95.9	73.7	31.7	95.9	0.0	0.0	0.0	0.000	0.000	0.000	0.0	0.0		15:15:48:569		
000:01:01.400	96.0	73.7	31.7	95.9	0.0	0.0	0.0	0.000	0.000	0.000	0.0	0.0		15:15:48:769		
000:01:01.600	96.0	73.7	31.7	95.9	0.0	0.0	0.0	0.000	0.000	0.000	0.0	0.0		15:15:48:969		
000:01:01.800	96.0	73.7	31.7	96.0	0.0	0.0	0.0	0.000	0.000	0.000	0.0	0.0		15:15:49:169		
000:01:02.000	96.0	73.7	31.7	96.0	0.0	0.0	0.0	0.000	0.000	0.000	0.0	0.0		15:15:49:369		
000:01:02.200	96.1	73.7	31.7	96.1	0.0	0.0	0.0	0.000	0.000	0.000	0.0	0.0		15:15:49:569		
000:01:02.400	96.1	73.7	31.7	96.1	0.0	0.0	0.0	0.000	0.000	0.000	0.0	0.0		15:15:49:769		
000:01:02.600	96.1	73.7	31.7	96.1	0.0	0.0	0.0	0.000	0.000	0.000	0.0	0.0		15:15:49:969		
000:01:02.800	96.0	73.7	31.7	95.9	0.0	0.0	0.0	0.000	0.000	0.000	0.0	0.0		15:15:50:169		
000:01:03.000	96.1	73.7	31.7	96.0	0.0	0.0	0.0	0.000	0.000	0.000	0.0	0.0		15:15:50:369		
000:01:03.200	96.1	73.7	31.7	96.1	0.0	0.0	0.0	0.000	0.000	0.000	0.0	0.0		15:15:50:569		
000:01:03.400	95.6	73.7	31.7	95.6	0.0	0.0	0.0	0.000	0.000	0.000	0.0	0.0		15:15:50:769		
000:01:03.600	95.6	73.7	31.7	95.5	0.0	0.0	0.0	0.000	0.000	0.000	0.0	0.0		15:15:50:969		
000:01:03.800	95.6	73.7	31.7	95.5	0.0	0.0	0.0	0.000	0.000	0.000	0.0	0.0		15:15:51:169		
000:01:04.000	95.5	73.7	31.7	95.5	0.0	0.0	0.0	0.000	0.000	0.000	0.0	0.0		15:15:51:369		
000:01:04.200	95.4	73.7	31.7	95.4	0.0	0.0	0.0	0.000	0.000	0.000	0.0	0.0		15:15:51:569		
000:01:04.400	95.4	73.7	31.7	95.4	0.0	0.0	0.0	0.000	0.000	0.000	0.0	0.0		15:15:51:769		
000:01:04.600	95.4	73.7	31.7	95.4	0.0	0.0	0.0	0.000	0.000	0.000	0.0	0.0		15:15:51:969		
000:01:04.800	95.6	73.7	31.7	95.6	0.0	0.0	0.0	0.000	0.000	0.000	0.0	0.0		15:15:52:169		
000:01:05.000	95.7	73.7	31.7	95.8	0.0	0.0	0.0	0.000	0.000	0.000	0.0	0.0		15:15:52:369		
000:01:05.200	95.6	73.7	31.7	95.6	0.0	0.0	0.0	0.000	0.000	0.000	0.0	0.0		15:15:52:569		
000:01:05.400	96.0	73.7	31.7	96.1	0.0	0.0	0.0	0.000	0.000	0.000	0.0	0.0		15:15:52:769		
000:01:05.600	95.8	73.7	31.7	95.8	0.0	0.0	0.0	0.000	0.000	0.000	0.0	0.0		15:15:52:969		
000:01:05.800	95.5	73.7	31.7	95.5	0.0	0.0	0.0	0.000	0.000	0.000	0.0	0.0		15:15:53:169		
000:01:06.000	95.4	73.7	31.7	95.4	0.0	0.0	0.0	0.000	0.000	0.000	0.0	0.0		15:15:53:369		
000:01:06.200	95.7	73.7	31.7	95.7	0.0	0.0	0.0	0.000	0.000	0.000	0.0	0.0		15:15:53:569		
000:01:06.400	96.0	73.7	31.7	96.0	0.0	0.0	0.0	0.000	0.000	0.000	0.0	0.0		15:15:53:769		
000:01:06.600	96.0	73.7	31.7	96.0	0.0	0.0	0.0	0.000	0.000	0.000	0.0	0.0		15:15:53:969		
000:01:06.800	95.9	73.7	31.7	95.9	0.0	0.0	0.0	0.000	0.000	0.000	0.0	0.0		15:15:54:169		
000:01:07.000	95.8	73.7	31.7	95.8	0.0	0.0	0.0	0.000	0.000	0.000	0.0	0.0		15:15:54:369		
000:01:07.200	95.6	73.7	31.7	95.6	0.0	0.0	0.0	0.000	0.000	0.000	0.0	0.0		15:15:54:569		
000:01:07.400	95.8	73.7	31.7	95.7	0.0	0.0	0.0	0.000	0.000	0.000	0.0	0.0		15:15:54:769		
000:01:07.600	95.8	73.7	31.7	95.8	0.0	0.0	0.0	0.000	0.000	0.000	0.0	0.0		15:15:54:969		
000:01:07.800	95.9	73.7	31.7	96.0	0.0	0.0	0.0	0.000	0.000	0.000	0.0	0.0		15:15:55:169		
000:01:08.000	96.0	73.7	31.7	96.0	0.0	0.0	0.0	0.000	0.000	0.000	0.0	0.0		15:15:55:369		
000:01:08.200	96.1	73.7	31.7	96.0	0.0	0.0	0.0	0.000	0.000	0.000	0.0	0.0		15:15:55:569		
000:01:08.400	96.1	73.7	31.7	96.0	0.0	0.0	0.0	0.000	0.000	0.000	0.0	0.0		15:15:55:769		
000:01:08.600	96.0	73.7	31.7	96.0	0.0	0.0	0.0	0.000	0.000	0.000	0.0	0.0		15:15:55:969		
000:01:08.800	95.6	73.7	31.7	95.5	0.0	0.0	0.0	0.000	0.000	0.000	0.0	0.0		15:15:56:169		
000:01:09.000	95.8	73.7	31.7	95.8	0.0	0.0	0.0	0.000	0.000	0.000	0.0	0.0		15:15:56:369		
000:01:09.200	96.0	73.7	31.7	96.0	0.0	0.0	0.0	0.000	0.000	0.000	0.0	0.0		15:15:56:569		
000:01:09.400	95.5	73.7	31.7	95.6	0.0	0.0	0.0	0.000	0.000	0.000	0.0	0.0		15:15:56:769		
000:01:09.600	95.6	73.7	31.7	95.6	0.0	0.0	0.0	0.000	0.000	0.000	0.0	0.0		15:15:56:969		
000:01:09.800	95.6	73.7	31.7	95.6	0.0	0.0	0.0	0.000	0.000	0.000	0.0	0.0		15:15:57:169		
000:01:10.000	95.6	73.7	31.7	95.6	0.0	0.0	0.0	0.000	0.000	0.000	0.0	0.0		15:15:57:369		
000:01:10.200	95.4	73.8	31.7	95.5	0.0	0.0	0.0	0.000	0.000	0.000	0.0	0.0		15:15:57:569		
000:01:10.400	95.3	73.8	31.7	95.4	0.0	0.0	0.0	0.000	0.000	0.000	0.0	0.0		15:15:57:769		
000:01:10.600	96.0	73.8	31.7	95.9	0.0	0.0	0.0	0.000	0.000	0.000	0.0	0.0		15:15:57:969		
000:01:10.800	96.0	73.8	31.7	96.0	0.0	0.0	0.0	0.000	0.000	0.000	0.0	0.0		15:15:58:169		
000:01:11.000	95.9	73.8	31.7	96.0	0.0	0.0	0.0	0.000	0.000	0.000	0.0	0.0		15:15:58:369		
000:01:11.200	96.1	73.8	31.7	96.1	0.0	0.0	0.0	0.000	0.000	0.000	0.0	0.0		15:15:58:569		
000:01:11.400	95.4	73.8	31.7	95.4	0.0	0.0	0.0	0.000	0.000	0.000	0.0	0.0		15:15:58:769		
000:01:11.600	95.7	73.8	31.7	95.7	0.0	0.0	0.0	0.000	0.000	0.000	0.0	0.0		15:15:58:969		
000:01:11.800	95.9	73.8	31.7	95.9	0.0	0.0	0.0	0.000	0.000	0.000	0.0	0.0		15:15:59:169		
000:01:12.000	95.5	73.8	31.7	95.5	0.0	0.0	0.0	0.000	0.000	0.000	0.0	0.0		15:15:59:369		
000:01:12.200	95.4	73.8	31.7	95.4	0.0	0.0	0.0	0.000	0.000	0.000	0.0	0.0		15:15:59:569		
000:01:12.400	95.4	73.8	31.7	95.4	0.0	0.0	0.0	0.000	0.000	0.000	0.0	0.0		15:15:59:769		
000:01:12.600	95.5	73.8	31.7	95.5	0.0	0.0	0.0	0.000	0.000	0.000	0.0	0.0		15:15:59:969		
000:01:12.800	95.7	73.8	31.7	95.7	0.0	0.0	0.0	0.000	0.000	0.000	0.0	0.0		15:16:00:169		
000:01:13.000	95.8	73.8	31.7	95.8	0.0	0.0	0.0	0.000	0.000	0.000	0.0	0.0		15:16:00:369		
000:01:13.200	95.9	73.8	31.7	95.9	0.0	0.0	0.0	0.000	0.000	0.000	0.0	0.0		15:16:00:569		
000:01:13.400	95.9	73.8	31.7	96.0	0.0	0.0	0.0	0.000	0.000	0.000	0.0	0.0		15:16:00:769		
000:01:13.600	95.9	73.8	31.7	96.0	0.0	0.0	0.0	0.000	0.000	0.000	0.0	0.0		15:16:00:969		
000:01:13.800	96.0	73.8	31.7	96.0	0.0	0.0	0.0	0.000	0.000	0.000	0.0	0.0		15:16:01:169		
000:01:14.000	96.0	73.8	31.7	96.0	0.0	0.0	0.0	0.000	0.000	0.000	0.0	0.0		15:16:01:369		
000:01:14.200	96.0	73.8	31.7	95.9	0.0	0.0	0.0	0.000	0.000	0.000	0.0	0.0		15:16:01:569		
000:01:14.400	96.0	73.8	31.7	95.9	0.0	0.0	0.0	0.000	0.000	0.000	0.0	0.0		15:16:01:769		
000:01:14.600	96.0	73.8	31.7	96.1	0.0	0.0	0.0	0.000	0.000	0.000	0.0	0.0		15:16:01:969		
000:01:14.800	95.8	73.8	31.7	95.9	0.0	0.0	0.0	0.000	0.000	0.000	0.0	0.0		15:16:02:169		
000:01:15.000	95.7	73.8	31.7	95.6	0.0	0.0	0.0	0.000	0.000	0.000	0.0	0.0		15:16:02:369		
000:01:15.200	95.8	73.8	31.7	95.7	0.0	0.0	0.0	0.000	0.000	0.000	0.0	0.0		15:16:02:569		
000:01:15.400	95.5	73.8	31.7	95.5	0.0	0.0	0.0	0.000	0.000	0.000	0.0	0.0		15:16:02:769		
000:01:15.600	95.5	73.8	31.7	95.5	0.0	0.0	0.0	0.000	0.000	0.000	0.0	0.0		15:16:02:969		
000:01:15.800	95.5	73.8	31.7	95.5	0.0	0.0	0.0	0.000	0.000	0.000	0.0	0.0		15:16:03:169		
000:01:16.000	95.4	73.8	31.7	95.4	0.0	0.0	0.0	0.000	0.000	0.000	0.0	0.0		15:16:03:369		
000:01:16.200	95.4	73.8	31.7	95.4	0.0	0.0	0.0	0.000	0.000	0.000	0.0	0.0		15:16:03:569		
000:01:16.400	95.5	73.8	31.7	95.5	0.0	0.0	0.0	0.000	0.000	0.000	0.0	0.0		15:16:03:769		
000:01:16.600	95.7	73.8	31.7	95.5	0.0	0.0	0.0	0.000	0.000	0.000	0.0	0.0		15:16:03:969		
000:01:16.800	95.8	73.8	31.7	95.7	0.0	0.0	0.0	0.000	0.000	0.000	0.0	0.0		15:16:04:169		
000:01:17.000	95.9	73.8	31.7	95.9	0.0	0.0	0.0	0.000	0.000	0.000	0.0	0.0		15:16:04:369		
000:01:17.200	95.8	73.8	31.7	95.6	0.0	0.0	0.0	0.000	0.000	0.000	0.0	0.0		15:16:04:569		
000:01:17.400	95.6	73.8	31.7	95.5	0.0	0.0	0.0	0.000	0.000	0.000	0.0	0.0		15:16:04:769		
000:01:17.600	95.4	73.8	31.7	95.4	0.0	0.0	0.0	0.000	0.000	0.000	0.0	0.0		15:16:04:969		
000:01:17.800	96.0	73.8	31.7	96.0	0.0	0.0	0.0	0.000	0.000	0.000	0.0	0.0		15:16:05:169		
000:01:18.000	95.9	73.8	31.7	95.9	0.0	0.0	0.0	0.000	0.000	0.000	0.0	0.0		15:16:05:369		
000:01:18.200	95.8	73.8	31.7	95.8	0.0	0.0	0.0	0.000	0.000	0.000	0.0	0.0		15:16:05:569		
000:01:18.400	95.7	73.8	31.7	95.7	0.0	0.0	0.0	0.000	0.000	0.000	0.0	0.0		15:16:05:769		
000:01:18.600	95.3	73.8	31.7	95.4	0.0	0.0	0.0	0.000	0.000	0.000	0.0	0.0		15:16:05:969		
000:01:18.800	95.6	73.8	31.7	95.6	0.0	0.0	0.0	0.000	0.000	0.000	0.0	0.0		15:16:06:169		
000:01:19.000	95.8	73.8	31.7	95.7	0.0	0.0	0.0	0.000	0.000	0.000	0.0	0.0		15:16:06:369		
000:01:19.200	95.7	73.8	31.7	95.8	0.0	0.0	0.0	0.000	0.000	0.000	0.0	0.0		15:16:06:569		
000:01:19.400	95.8	73.8	31.7	95.8	0.0	0.0	0.0	0.000	0.000	0.000	0.0	0.0		15:16:06:769		
000:01:19.600	95.9	73.8	31.7	95.8	0.0	0.0	0.0	0.000	0.000	0.000	0.0	0.0		15:16:06:969		
000:01:19.800	95.9	73.8	31.7	95.9	0.0	0.0	0.0	0.000	0.000	0.000	0.0	0.0		15:16:07:169		
000:01:20.000	95.9	73.8	31.7	95.9	0.0	0.0	0.0	0.000	0.000	0.000	0.0	0.0		15:16:07:369		
000:01:20.200	95.9	73.8	31.7	95.9	0.0	0.0	0.0	0.000	0.000	0.000	0.0	0.0		15:16:07:569		
000:01:20.400	95.7	73.8	31.7	95.6	0.0	0.0	0.0	0.000	0.000	0.000	0.0	0.0		15:16:07:769		
000:01:20.600	95.8	73.8	31.7	95.9	0.0	0.0	0.0	0.000	0.000	0.000	0.0	0.0		15:16:07:969		
000:01:20.800	95.6	73.8	31.7	95.7	0.0	0.0	0.0	0.000	0.000	0.000	0.0	0.0		15:16:08:169		
000:01:21.000	95.5	73.8	31.7	95.5	0.0	0.0	0.0	0.000	0.000	0.000	0.0	0.0		15:16:08:369		
000:01:21.200	95.5	73.8	31.7	95.5	0.0	0.0	0.0	0.000	0.000	0.000	0.0	0.0		15:16:08:569		
000:01:21.400	95.6	73.8	31.7	95.6	0.0	0.0	0.0	0.000	0.000	0.000	0.0	0.0		15:16:08:769		
000:01:21.600	95.7	73.8	31.7	95.6	0.0	0.0	0.0	0.000	0.000	0.000	0.0	0.0		15:16:08:969		
000:01:21.800	95.3	73.8	31.7	95.3	0.0	0.0	0.0	0.000	0.000	0.000	0.0	0.0		15:16:09:169		
000:01:22.000	95.7	73.8	31.7	95.7	0.0	0.0	0.0	0.000	0.000	0.000	0.0	0.0		15:16:09:369		
000:01:22.200	95.5	73.8	31.7	95.6	0.0	0.0	0.0	0.000	0.000	0.000	0.0	0.0		15:16:09:569		
000:01:22.400	95.3	73.8	31.7	95.4	0.0	0.0	0.0	0.000	0.000	0.000	0.0	0.0		15:16:09:769		
000:01:22.600	95.9	73.8	31.7	95.9	0.0	0.0	0.0	0.000	0.000	0.000	0.0	0.0		15:16:09:969		
000:01:22.800	95.6	73.8	31.7	95.6	0.0	0.0	0.0	0.000	0.000	0.000	0.0	0.0		15:16:10:169		
000:01:23.000	95.3	73.8	31.7	95.3	0.0	0.0	0.0	0.000	0.000	0.000	0.0	0.0		15:16:10:369		
000:01:23.200	95.5	73.8	31.7	95.6	0.0	0.0	0.0	0.000	0.000	0.000	0.0	0.0		15:16:10:569		
000:01:23.400	95.5	73.8	31.7	95.5	0.0	0.0	0.0	0.000	0.000	0.000	0.0	0.0		15:16:10:769		
000:01:23.600	95.5	73.8	31.7	95.4	0.0	0.0	0.0	0.000	0.000	0.000	0.0	0.0		15:16:10:969		
000:01:23.800	95.0	73.8	31.7	95.0	0.0	0.0	0.0	0.000	0.000	0.000	0.0	0.0		15:16:11:169		
000:01:24.000	95.3	73.8	31.7	95.4	0.0	0.0	0.0	0.000	0.000	0.000	0.0	0.0		15:16:11:369		
000:01:24.200	95.4	73.8	31.7	95.5	0.0	0.0	0.0	0.000	0.000	0.000	0.0	0.0		15:16:11:569		
000:01:24.400	95.6	73.8	31.7	95.6	0.0	0.0	0.0	0.000	0.000	0.000	0.0	0.0		15:16:11:769		
000:01:24.600	95.5	73.8	31.7	95.6	0.0	0.0	0.0	0.000	0.000	0.000	0.0	0.0		15:16:11:969		
000:01:24.800	95.6	73.8	31.7	95.6	0.0	0.0	0.0	0.000	0.000	0.000	0.0	0.0		15:16:12:169		
000:01:25.000	95.7	73.8	31.7	95.7	0.0	0.0	0.0	0.000	0.000	0.000	0.0	0.0		15:16:12:369		
000:01:25.200	95.8	73.8	31.7	95.8	0.0	0.0	0.0	0.000	0.000	0.000	0.0	0.0		15:16:12:569		
000:01:25.400	95.9	73.8	31.7	95.9	0.0	0.0	0.0	0.000	0.000	0.000	0.0	0.0		15:16:12:769		
000:01:25.600	95.9	73.8	31.7	95.9	0.0	0.0	0.0	0.000	0.000	0.000	0.0	0.0		15:16:12:969		
000:01:25.800	95.9	73.8	31.7	95.9	0.0	0.0	0.0	0.000	0.000	0.000	0.0	0.0		15:16:13:169		
000:01:26.000	95.8	73.8	31.7	95.8	0.0	0.0	0.0	0.000	0.000	0.000	0.0	0.0		15:16:13:369		
000:01:26.200	95.8	73.8	31.7	95.7	0.0	0.0	0.0	0.000	0.000	0.000	0.0	0.0		15:16:13:569		
000:01:26.400	95.7	73.8	31.7	95.6	0.0	0.0	0.0	0.000	0.000	0.000	0.0	0.0		15:16:13:769		
000:01:26.600	95.9	73.8	31.7	95.8	0.0	0.0	0.0	0.000	0.000	0.000	0.0	0.0		15:16:13:969		
000:01:26.800	95.7	73.8	31.7	95.6	0.0	0.0	0.0	0.000	0.000	0.000	0.0	0.0		15:16:14:169		
000:01:27.000	95.5	73.8	31.7	95.4	0.0	0.0	0.0	0.000	0.000	0.000	0.0	0.0		15:16:14:369		
000:01:27.200	95.4	73.8	31.7	95.4	0.0	0.0	0.0	0.000	0.000	0.000	0.0	0.0		15:16:14:569		
000:01:27.400	95.3	73.8	31.7	95.4	0.0	0.0	0.0	0.000	0.000	0.000	0.0	0.0		15:16:14:769		
000:01:27.600	95.3	73.8	31.7	95.3	0.0	0.0	0.0	0.000	0.000	0.000	0.0	0.0		15:16:14:969		
000:01:27.800	95.3	73.8	31.7	95.3	0.0	0.0	0.0	0.000	0.000	0.000	0.0	0.0		15:16:15:169		
000:01:28.000	95.6	73.8	31.7	95.6	0.0	0.0	0.0	0.000	0.000	0.000	0.0	0.0		15:16:15:369		
000:01:28.200	95.5	73.8	31.7	95.6	0.0	0.0	0.0	0.000	0.000	0.000	0.0	0.0		15:16:15:569		
000:01:28.400	95.3	73.8	31.7	95.5	0.0	0.0	0.0	0.000	0.000	0.000	0.0	0.0		15:16:15:769		
000:01:28.600	95.9	73.8	31.7	95.9	0.0	0.0	0.0	0.000	0.000	0.000	0.0	0.0		15:16:15:969		
000:01:28.800	95.6	73.9	31.7	95.6	0.0	0.0	0.0	0.000	0.000	0.000	0.0	0.0		15:16:16:169		
000:01:29.000	95.4	73.9	31.7	95.4	0.0	0.0	0.0	0.000	0.000	0.000	0.0	0.0		15:16:16:369		
000:01:29.200	95.8	73.9	31.7	95.9	0.0	0.0	0.0	0.000	0.000	0.000	0.0	0.0		15:16:16:569		
000:01:29.400	95.9	73.9	31.7	95.8	0.0	0.0	0.0	0.000	0.000	0.000	0.0	0.0		15:16:16:769		
000:01:29.600	95.7	73.9	31.7	95.6	0.0	0.0	0.0	0.000	0.000	0.000	0.0	0.0		15:16:16:969		
000:01:29.800	95.5	73.9	31.7	95.5	0.0	0.0	0.0	0.000	0.000	0.000	0.0	0.0		15:16:17:169		
000:01:30.000	95.3	73.9	31.7	95.3	0.0	0.0	0.0	0.000	0.000	0.000	0.0	0.0		15:16:17:369		
000:01:30.200	95.7	73.9	31.7	95.7	0.0	0.0	0.0	0.000	0.000	0.000	0.0	0.0		15:16:17:569		
000:01:30.400	96.0	73.9	31.7	96.0	0.0	0.0	0.0	0.000	0.000	0.000	0.0	0.0		15:16:17:769		
000:01:30.600	95.5	73.9	31.7	95.5	0.0	0.0	0.0	0.000	0.000	0.000	0.0	0.0		15:16:17:969		
000:01:30.800	95.8	73.9	31.7	95.8	0.0	0.0	0.0	0.000	0.000	0.000	0.0	0.0		15:16:18:169		
000:01:31.000	96.0	73.9	31.7	96.0	0.0	0.0	0.0	0.000	0.000	0.000	0.0	0.0		15:16:18:369		
000:01:31.200	95.8	73.9	31.7	95.8	0.0	0.0	0.0	0.000	0.000	0.000	0.0	0.0		15:16:18:569		
000:01:31.400	95.9	73.9	31.7	95.9	0.0	0.0	0.0	0.000	0.000	0.000	0.0	0.0		15:16:18:769		
000:01:31.600	96.0	73.9	31.7	96.0	0.0	0.0	0.0	0.000	0.000	0.000	0.0	0.0		15:16:18:969		
000:01:31.800	96.0	73.9	31.7	96.0	0.0	0.0	0.0	0.000	0.000	0.000	0.0	0.0		15:16:19:169		
000:01:32.000	95.7	73.9	31.7	95.8	0.0	0.0	0.0	0.000	0.000	0.000	0.0	0.0		15:16:19:369		
000:01:32.200	95.6	73.9	31.7	95.7	0.0	0.0	0.0	0.000	0.000	0.000	0.0	0.0		15:16:19:569		
000:01:32.400	95.6	73.9	31.7	95.5	0.0	0.0	0.0	0.000	0.000	0.000	0.0	0.0		15:16:19:769		
000:01:32.600	95.5	73.9	31.7	95.5	0.0	0.0	0.0	0.000	0.000	0.000	0.0	0.0		15:16:19:969		
000:01:32.800	95.6	73.9	31.7	95.6	0.0	0.0	0.0	0.000	0.000	0.000	0.0	0.0		15:16:20:169		
000:01:33.000	95.7	73.9	31.7	95.7	0.0	0.0	0.0	0.000	0.000	0.000	0.0	0.0		15:16:20:369		
000:01:33.200	95.4	73.9	31.7	95.3	0.0	0.0	0.0	0.000	0.000	0.000	0.0	0.0		15:16:20:569		
000:01:33.400	95.6	73.9	31.7	95.5	0.0	0.0	0.0	0.000	0.000	0.000	0.0	0.0		15:16:20:769		
000:01:33.600	95.7	73.9	31.7	95.7	0.0	0.0	0.0	0.000	0.000	0.000	0.0	0.0		15:16:20:969		
000:01:33.800	95.1	73.9	31.7	95.1	0.0	0.0	0.0	0.000	0.000	0.000	0.0	0.0		15:16:21:169		
000:01:34.000	95.5	73.9	31.7	95.5	0.0	0.0	0.0	0.000	0.000	0.000	0.0	0.0		15:16:21:369		
000:01:34.200	95.8	73.9	31.7	95.9	0.0	0.0	0.0	0.000	0.000	0.000	0.0	0.0		15:16:21:569		
000:01:34.400	95.5	73.9	31.7	95.5	0.0	0.0	0.0	0.000	0.000	0.000	0.0	0.0		15:16:21:769		
000:01:34.600	95.7	73.9	31.7	95.7	0.0	0.0	0.0	0.000	0.000	0.000	0.0	0.0		15:16:21:969		
000:01:34.800	95.8	73.9	31.7	95.7	0.0	0.0	0.0	0.000	0.000	0.000	0.0	0.0		15:16:22:169		
000:01:35.000	95.9	73.9	31.7	95.7	0.0	0.0	0.0	0.000	0.000	0.000	0.0	0.0		15:16:22:369		
000:01:35.200	94.9	73.9	31.7	94.9	0.0	0.0	0.0	0.000	0.000	0.000	0.0	0.0		15:16:22:569		
000:01:35.400	95.1	73.9	31.7	95.1	0.0	0.0	0.0	0.000	0.000	0.000	0.0	0.0		15:16:22:769		
000:01:35.600	95.2	73.9	31.7	95.2	0.0	0.0	0.0	0.000	0.000	0.000	0.0	0.0		15:16:22:969		
000:01:35.800	95.5	73.9	31.7	95.5	0.0	0.0	0.0	0.000	0.000	0.000	0.0	0.0		15:16:23:169		
000:01:36.000	95.5	73.9	31.7	95.5	0.0	0.0	0.0	0.000	0.000	0.000	0.0	0.0		15:16:23:369		
000:01:36.200	95.5	73.9	31.7	95.5	0.0	0.0	0.0	0.000	0.000	0.000	0.0	0.0		15:16:23:569		
000:01:36.400	95.8	73.9	31.7	95.8	0.0	0.0	0.0	0.000	0.000	0.000	0.0	0.0		15:16:23:769		
000:01:36.600	95.7	73.9	31.7	95.7	0.0	0.0	0.0	0.000	0.000	0.000	0.0	0.0		15:16:23:969		
000:01:36.800	95.8	73.9	31.7	95.8	0.0	0.0	0.0	0.000	0.000	0.000	0.0	0.0		15:16:24:169		
000:01:37.000	95.9	73.9	31.7	95.9	0.0	0.0	0.0	0.000	0.000	0.000	0.0	0.0		15:16:24:369		
000:01:37.200	95.9	73.9	31.7	96.0	0.0	0.0	0.0	0.000	0.000	0.000	0.0	0.0		15:16:24:569		
000:01:37.400	95.9	73.9	31.7	95.9	0.0	0.0	0.0	0.000	0.000	0.000	0.0	0.0		15:16:24:769		
000:01:37.600	95.8	73.9	31.7	95.9	0.0	0.0	0.0	0.000	0.000	0.000	0.0	0.0		15:16:24:969		
000:01:37.800	95.9	73.9	31.7	95.7	0.0	0.0	0.0	0.000	0.000	0.000	0.0	0.0		15:16:25:169		
000:01:38.000	95.9	73.9	31.7	95.8	0.0	0.0	0.0	0.000	0.000	0.000	0.0	0.0		15:16:25:369		
000:01:38.200	95.9	73.9	31.7	95.9	0.0	0.0	0.0	0.000	0.000	0.000	0.0	0.0		15:16:25:569		
000:01:38.400	95.6	73.9	31.7	95.5	0.0	0.0	0.0	0.000	0.000	0.000	0.0	0.0		15:16:25:769		
000:01:38.600	95.5	73.9	31.7	95.5	0.0	0.0	0.0	0.000	0.000	0.000	0.0	0.0		15:16:25:969		
000:01:38.800	95.5	73.9	31.7	95.5	0.0	0.0	0.0	0.000	0.000	0.000	0.0	0.0		15:16:26:169		
000:01:39.000	95.4	73.9	31.7	95.4	0.0	0.0	0.0	0.000	0.000	0.000	0.0	0.0		15:16:26:369		
000:01:39.200	95.4	74.0	31.7	95.4	0.0	0.0	0.0	0.000	0.000	0.000	0.0	0.0		15:16:26:569		
000:01:39.400	95.7	74.0	31.7	95.7	0.0	0.0	0.0	0.000	0.000	0.000	0.0	0.0		15:16:26:769		
000:01:39.600	95.9	74.0	31.7	95.9	0.0	0.0	0.0	0.000	0.000	0.000	0.0	0.0		15:16:26:969		
000:01:39.800	95.2	74.0	31.7	95.4	0.0	0.0	0.0	0.000	0.000	0.000	0.0	0.0		15:16:27:169		
000:01:40.000	95.6	74.0	31.7	95.8	0.0	0.0	0.0	0.000	0.000	0.000	0.0	0.0		15:16:27:369		
000:01:40.200	96.1	74.0	31.7	96.1	0.0	0.0	0.0	0.000	0.000	0.000	0.0	0.0		15:16:27:569		
000:01:40.400	95.5	74.0	31.7	95.5	0.0	0.0	0.0	0.000	0.000	0.000	0.0	0.0		15:16:27:769		
000:01:40.600	95.7	74.0	31.7	95.8	0.0	0.0	0.0	0.000	0.000	0.000	0.0	0.0		15:16:27:969		
000:01:40.800	95.8	74.0	31.7	96.0	0.0	0.0	0.0	0.000	0.000	0.000	0.0	0.0		15:16:28:169		
000:01:41.000	95.7	74.0	31.7	95.8	0.0	0.0	0.0	0.000	0.000	0.000	0.0	0.0		15:16:28:369		
000:01:41.200	95.5	74.0	31.7	95.6	0.0	0.0	0.0	0.000	0.000	0.000	0.0	0.0		15:16:28:569		
000:01:41.400	95.4	74.0	31.7	95.4	0.0	0.0	0.0	0.000	0.000	0.000	0.0	0.0		15:16:28:769		
000:01:41.600	95.0	74.0	31.7	95.1	0.0	0.0	0.0	0.000	0.000	0.000	0.0	0.0		15:16:28:969		
000:01:41.800	95.9	74.0	31.7	96.0	0.0	0.0	0.0	0.000	0.000	0.000	0.0	0.0		15:16:29:169		
000:01:42.000	95.6	74.0	31.7	95.7	0.0	0.0	0.0	0.000	0.000	0.000	0.0	0.0		15:16:29:369		
000:01:42.200	95.3	74.0	31.7	95.4	0.0	0.0	0.0	0.000	0.000	0.000	0.0	0.0		15:16:29:569		
000:01:42.400	96.0	74.1	31.7	96.0	0.0	0.0	0.0	0.000	0.000	0.000	0.0	0.0		15:16:29:769		
000:01:42.600	95.9	74.1	31.7	95.9	0.0	0.0	0.0	0.000	0.000	0.000	0.0	0.0		15:16:29:969		
000:01:42.800	95.8	74.1	31.7	95.8	0.0	0.0	0.0	0.000	0.000	0.000	0.0	0.0		15:16:30:169		
000:01:43.000	96.0	74.1	31.7	96.0	0.0	0.0	0.0	0.000	0.000	0.000	0.0	0.0		15:16:30:369		
000:01:43.200	96.0	74.1	31.7	96.0	0.0	0.0	0.0	0.000	0.000	0.000	0.0	0.0		15:16:30:569		
000:01:43.400	96.0	74.1	31.7	96.0	0.0	0.0	0.0	0.000	0.000	0.000	0.0	0.0		15:16:30:769		
000:01:43.600	95.8	74.1	31.7	95.8	0.0	0.0	0.0	0.000	0.000	0.000	0.0	0.0		15:16:30:969		
000:01:43.800	95.7	74.1	31.7	95.6	0.0	0.0	0.0	0.000	0.000	0.000	0.0	0.0		15:16:31:169		
000:01:44.000	95.6	74.1	31.7	95.6	0.0	0.0	0.0	0.000	0.000	0.000	0.0	0.0		15:16:31:369		
000:01:44.200	95.5	74.1	31.7	95.5	0.0	0.0	0.0	0.000	0.000	0.000	0.0	0.0		15:16:31:569		
000:01:44.400	95.8	74.1	31.7	95.8	0.0	0.0	0.0	0.000	0.000	0.000	0.0	0.0		15:16:31:769		
000:01:44.600	95.6	74.1	31.7	95.6	0.0	0.0	0.0	0.000	0.000	0.000	0.0	0.0		15:16:31:969		
000:01:44.800	95.4	74.1	31.7	95.4	0.0	0.0	0.0	0.000	0.000	0.000	0.0	0.0		15:16:32:169		
000:01:45.000	95.6	74.1	31.7	95.7	0.0	0.0	0.0	0.000	0.000	0.000	0.0	0.0		15:16:32:369		
000:01:45.200	95.0	74.1	31.7	95.0	0.0	0.0	0.0	0.000	0.000	0.000	0.0	0.0		15:16:32:569		
000:01:45.400	95.3	74.1	31.7	95.3	0.0	0.0	0.0	0.000	0.000	0.000	0.0	0.0		15:16:32:769		
000:01:45.600	95.5	74.1	31.7	95.6	0.0	0.0	0.0	0.000	0.000	0.000	0.0	0.0		15:16:32:969		
000:01:45.800	95.6	74.1	31.7	95.5	0.0	0.0	0.0	0.000	0.000	0.000	0.0	0.0		15:16:33:169		
000:01:46.000	95.6	74.1	31.7	95.5	0.0	0.0	0.0	0.000	0.000	0.000	0.0	0.0		15:16:33:369		
000:01:46.200	95.6	74.1	31.7	95.6	0.0	0.0	0.0	0.000	0.000	0.000	0.0	0.0		15:16:33:569		
000:01:46.400	95.8	74.1	31.7	95.8	0.0	0.0	0.0	0.000	0.000	0.000	0.0	0.0		15:16:33:769		
000:01:46.600	95.3	74.1	31.7	95.2	0.0	0.0	0.0	0.000	0.000	0.000	0.0	0.0		15:16:33:969		
000:01:46.800	94.8	74.1	31.7	94.7	0.0	0.0	0.0	0.000	0.000	0.000	0.0	0.0		15:16:34:169		
000:01:47.000	95.0	74.1	31.7	95.0	0.0	0.0	0.0	0.000	0.000	0.000	0.0	0.0		15:16:34:369		
000:01:47.200	95.1	74.1	31.7	95.2	0.0	0.0	0.0	0.000	0.000	0.000	0.0	0.0		15:16:34:569		
000:01:47.400	95.2	74.1	31.7	95.3	0.0	0.0	0.0	0.000	0.000	0.000	0.0	0.0		15:16:34:769		
000:01:47.600	95.3	74.1	31.7	95.3	0.0	0.0	0.0	0.000	0.000	0.000	0.0	0.0		15:16:34:969		
000:01:47.800	95.6	74.1	31.7	95.6	0.0	0.0	0.0	0.000	0.000	0.000	0.0	0.0		15:16:35:169		
000:01:48.000	95.6	74.1	31.7	95.6	0.0	0.0	0.0	0.000	0.000	0.000	0.0	0.0		15:16:35:369		
000:01:48.200	95.5	74.1	31.7	95.5	0.0	0.0	0.0	0.000	0.000	0.000	0.0	0.0		15:16:35:569		
000:01:48.400	95.7	74.1	31.7	95.7	0.0	0.0	0.0	0.000	0.000	0.000	0.0	0.0		15:16:35:769		
000:01:48.600	95.7	74.1	31.7	95.7	0.0	0.0	0.0	0.000	0.000	0.000	0.0	0.0		15:16:35:969		
000:01:48.800	95.7	74.1	31.7	95.7	0.0	0.0	0.0	0.000	0.000	0.000	0.0	0.0		15:16:36:169		
000:01:49.000	95.5	74.1	31.7	95.5	0.0	0.0	0.0	0.000	0.000	0.000	0.0	0.0		15:16:36:369		
000:01:49.200	95.9	74.1	31.7	95.9	0.0	0.0	0.0	0.000	0.000	0.000	0.0	0.0		15:16:36:569		
000:01:49.400	95.8	74.1	31.7	95.8	0.0	0.0	0.0	0.000	0.000	0.000	0.0	0.0		15:16:36:769		
000:01:49.600	95.6	74.1	31.7	95.7	0.0	0.0	0.0	0.000	0.000	0.000	0.0	0.0		15:16:36:969		
000:01:49.800	95.5	74.1	31.7	95.5	0.0	0.0	0.0	0.000	0.000	0.000	0.0	0.0		15:16:37:169		
000:01:50.000	95.5	74.1	31.7	95.5	0.0	0.0	0.0	0.000	0.000	0.000	0.0	0.0		15:16:37:369		
000:01:50.200	95.4	74.1	31.7	95.4	0.0	0.0	0.0	0.000	0.000	0.000	0.0	0.0		15:16:37:569		
000:01:50.400	95.3	74.1	31.7	95.3	0.0	0.0	0.0	0.000	0.000	0.000	0.0	0.0		15:16:37:769		
000:01:50.600	95.3	74.1	31.7	95.3	0.0	0.0	0.0	0.000	0.000	0.000	0.0	0.0		15:16:37:969		
000:01:50.800	95.3	74.1	31.7	95.3	0.0	0.0	0.0	0.000	0.000	0.000	0.0	0.0		15:16:38:169		
000:01:51.000	95.5	74.1	31.7	95.6	0.0	0.0	0.0	0.000	0.000	0.000	0.0	0.0		15:16:38:369		
000:01:51.200	95.1	74.1	31.7	95.2	0.0	0.0	0.0	0.000	0.000	0.000	0.0	0.0		15:16:38:569		
000:01:51.400	94.6	74.1	31.7	94.7	0.0	0.0	0.0	0.000	0.000	0.000	0.0	0.0		15:16:38:769		
000:01:51.600	95.6	74.1	31.7	95.6	0.0	0.0	0.0	0.000	0.000	0.000	0.0	0.0		15:16:38:969		
000:01:51.800	95.3	74.1	31.7	95.3	0.0	0.0	0.0	0.000	0.000	0.000	0.0	0.0		15:16:39:169		
000:01:52.000	95.3	74.1	31.7	95.4	0.0	0.0	0.0	0.000	0.000	0.000	0.0	0.0		15:16:39:369		
000:01:52.200	95.3	74.1	31.7	95.4	0.0	0.0	0.0	0.000	0.000	0.000	0.0	0.0		15:16:39:569		
000:01:52.400	95.5	74.1	31.7	95.5	0.0	0.0	0.0	0.000	0.000	0.000	0.0	0.0		15:16:39:769		
000:01:52.600	95.4	74.1	31.7	95.3	0.0	0.0	0.0	0.000	0.000	0.000	0.0	0.0		15:16:39:969		
000:01:52.800	95.3	74.1	31.7	95.1	0.0	0.0	0.0	0.000	0.000	0.000	0.0	0.0		15:16:40:169		
000:01:53.000	95.3	74.1	31.7	95.1	0.0	0.0	0.0	0.000	0.000	0.000	0.0	0.0		15:16:40:369		
000:01:53.200	95.2	74.1	31.7	95.2	0.0	0.0	0.0	0.000	0.000	0.000	0.0	0.0		15:16:40:569		
000:01:53.400	95.1	74.1	31.7	95.2	0.0	0.0	0.0	0.000	0.000	0.000	0.0	0.0		15:16:40:769		
000:01:53.600	95.0	74.1	31.7	95.0	0.0	0.0	0.0	0.000	0.000	0.000	0.0	0.0		15:16:40:969		
000:01:53.800	95.5	74.1	31.7	95.5	0.0	0.0	0.0	0.000	0.000	0.000	0.0	0.0		15:16:41:169		
000:01:54.000	95.5	74.1	31.7	95.4	0.0	0.0	0.0	0.000	0.000	0.000	0.0	0.0		15:16:41:369		
000:01:54.200	95.4	74.1	31.7	95.3	0.0	0.0	0.0	0.000	0.000	0.000	0.0	0.0		15:16:41:569		
000:01:54.400	95.6	74.1	31.7	95.7	0.0	0.0	0.0	0.000	0.000	0.000	0.0	0.0		15:16:41:769		
000:01:54.600	95.6	74.1	31.7	95.6	0.0	0.0	0.0	0.000	0.000	0.000	0.0	0.0		15:16:41:969		
000:01:54.800	95.5	74.1	31.7	95.6	0.0	0.0	0.0	0.000	0.000	0.000	0.0	0.0		15:16:42:169		
000:01:55.000	95.4	74.1	31.7	95.4	0.0	0.0	0.0	0.000	0.000	0.000	0.0	0.0		15:16:42:369		
000:01:55.200	95.5	74.1	31.7	95.5	0.0	0.0	0.0	0.000	0.000	0.000	0.0	0.0		15:16:42:569		
000:01:55.400	95.6	74.1	31.7	95.6	0.0	0.0	0.0	0.000	0.000	0.000	0.0	0.0		15:16:42:769		
000:01:55.600	95.5	74.1	31.7	95.5	0.0	0.0	0.0	0.000	0.000	0.000	0.0	0.0		15:16:42:969		
000:01:55.800	95.5	74.1	31.7	95.3	0.0	0.0	0.0	0.000	0.000	0.000	0.0	0.0		15:16:43:169		
000:01:56.000	148.9	74.1	31.7	150.0	0.0	0.0	0.0	0.000	0.000	0.000	0.0	0.0		15:16:43:369		
000:01:56.200	202.4	74.1	31.7	204.7	0.0	0.0	0.0	0.000	0.000	0.000	0.0	0.0		15:16:43:569		
000:01:56.400	205.6	74.1	31.7	205.5	0.0	0.0	0.0	0.000	0.000	0.000	0.0	0.0		15:16:43:769		
000:01:56.600	204.5	74.1	31.7	204.4	0.0	0.0	0.0	0.000	0.000	0.000	0.0	0.0		15:16:43:969		
000:01:56.800	203.4	74.2	31.7	203.2	0.0	0.0	0.0	0.000	0.000	0.000	0.0	0.0		15:16:44:169		
000:01:57.000	201.8	74.2	31.7	201.7	0.0	0.0	0.0	0.000	0.000	0.000	0.0	0.0		15:16:44:369		
000:01:57.200	199.9	74.2	31.7	199.9	0.0	0.0	0.0	0.000	0.000	0.000	0.0	0.0		15:16:44:569		
000:01:57.400	199.1	74.3	31.7	199.0	0.0	0.0	0.0	0.000	0.000	0.000	0.0	0.0		15:16:44:769		
000:01:57.600	198.3	74.3	31.7	198.1	0.0	0.0	0.0	0.000	0.000	0.000	0.0	0.0		15:16:44:969		
000:01:57.800	196.6	74.3	31.7	196.6	0.0	0.0	0.0	0.000	0.000	0.000	0.0	0.0		15:16:45:169		
000:01:58.000	196.0	74.3	31.7	195.8	0.0	0.0	0.0	0.000	0.000	0.000	0.0	0.0		15:16:45:369		
000:01:58.200	195.3	74.3	31.7	195.1	0.0	0.0	0.0	0.000	0.000	0.000	0.0	0.0		15:16:45:569		
000:01:58.400	193.8	74.3	31.7	193.6	0.0	0.0	0.0	0.000	0.000	0.000	0.0	0.0		15:16:45:769		
000:01:58.600	193.2	74.3	31.7	193.0	0.0	0.0	0.0	0.000	0.000	0.000	0.0	0.0		15:16:45:969		
000:01:58.800	192.6	74.3	31.7	192.4	0.0	0.0	0.0	0.000	0.000	0.000	0.0	0.0		15:16:46:169		
000:01:59.000	191.1	74.3	31.7	191.0	0.0	0.0	0.0	0.000	0.000	0.000	0.0	0.0		15:16:46:369		
000:01:59.200	189.9	74.3	31.7	189.9	0.0	0.0	0.0	0.000	0.000	0.000	0.0	0.0		15:16:46:569		
000:01:59.400	189.4	74.3	31.7	189.3	0.0	0.0	0.0	0.000	0.000	0.000	0.0	0.0		15:16:46:769		
000:01:59.600	188.8	74.3	31.7	188.7	0.0	0.0	0.0	0.000	0.000	0.000	0.0	0.0		15:16:46:969		
000:01:59.800	187.7	74.3	31.7	187.6	0.0	0.0	0.0	0.000	0.000	0.000	0.0	0.0		15:16:47:169		
000:02:00.000	187.3	74.3	31.7	187.1	0.0	0.0	0.0	0.000	0.000	0.000	0.0	0.0		15:16:47:369		
000:02:00.200	186.8	74.3	31.7	186.7	0.0	0.0	0.0	0.000	0.000	0.000	0.0	0.0		15:16:47:569		
000:02:00.400	185.7	74.3	31.7	185.6	0.0	0.0	0.0	0.000	0.000	0.000	0.0	0.0		15:16:47:769		
000:02:00.600	185.1	74.3	31.7	185.1	0.0	0.0	0.0	0.000	0.000	0.000	0.0	0.0		15:16:47:969		
000:02:00.800	184.6	74.3	31.7	184.5	0.0	0.0	0.0	0.000	0.000	0.000	0.0	0.0		15:16:48:169		
000:02:01.000	183.7	74.3	31.7	183.6	0.0	0.0	0.0	0.000	0.000	0.000	0.0	0.0		15:16:48:369		
000:02:01.200	182.7	74.3	31.7	182.6	0.0	0.0	0.0	0.000	0.000	0.000	0.0	0.0		15:16:48:569		
000:02:01.400	182.3	74.3	31.7	182.2	0.0	0.0	0.0	0.000	0.000	0.000	0.0	0.0		15:16:48:769		
000:02:01.600	181.9	74.3	31.7	181.8	0.0	0.0	0.0	0.000	0.000	0.000	0.0	0.0		15:16:48:969		
000:02:01.800	181.1	74.3	31.7	180.9	0.0	0.0	0.0	0.000	0.000	0.000	0.0	0.0		15:16:49:169		
000:02:02.000	180.7	74.3	31.7	180.5	0.0	0.0	0.0	0.000	0.000	0.000	0.0	0.0		15:16:49:369		
000:02:02.200	180.2	74.3	31.7	180.1	0.0	0.0	0.0	0.000	0.000	0.000	0.0	0.0		15:16:49:569		
000:02:02.400	179.3	74.3	31.7	179.3	0.0	0.0	0.0	0.000	0.000	0.000	0.0	0.0		15:16:49:769		
000:02:02.600	178.7	74.3	31.7	178.6	0.0	0.0	0.0	0.000	0.000	0.000	0.0	0.0		15:16:49:969		
000:02:02.800	178.3	74.3	31.7	178.2	0.0	0.0	0.0	0.000	0.000	0.000	0.0	0.0		15:16:50:169		
000:02:03.000	177.8	74.3	31.7	177.7	0.0	0.0	0.0	0.000	0.000	0.000	0.0	0.0		15:16:50:369		
000:02:03.200	177.0	74.3	31.7	176.9	0.0	0.0	0.0	0.000	0.000	0.000	0.0	0.0		15:16:50:569		
000:02:03.400	176.7	74.3	31.7	176.6	0.0	0.0	0.0	0.000	0.000	0.000	0.0	0.0		15:16:50:769		
000:02:03.600	176.4	74.3	31.7	176.4	0.0	0.0	0.0	0.000	0.000	0.000	0.0	0.0		15:16:50:969		
000:02:03.800	175.7	74.3	31.7	175.6	0.0	0.0	0.0	0.000	0.000	0.000	0.0	0.0		15:16:51:169		
000:02:04.000	175.3	74.3	31.7	175.3	0.0	0.0	0.0	0.000	0.000	0.000	0.0	0.0		15:16:51:369		
000:02:04.200	174.9	74.3	31.7	174.9	0.0	0.0	0.0	0.000	0.000	0.000	0.0	0.0		15:16:51:569		
000:02:04.400	174.2	74.3	31.7	174.1	0.0	0.0	0.0	0.000	0.000	0.000	0.0	0.0		15:16:51:769		
000:02:04.600	173.3	74.3	31.7	173.3	0.0	0.0	0.0	0.000	0.000	0.000	0.0	0.0		15:16:51:969		
000:02:04.800	173.0	74.3	31.7	173.0	0.0	0.0	0.0	0.000	0.000	0.000	0.0	0.0		15:16:52:169		
000:02:05.000	172.7	74.3	31.7	172.7	0.0	0.0	0.0	0.000	0.000	0.000	0.0	0.0		15:16:52:369		
000:02:05.200	172.0	74.3	31.7	172.0	0.0	0.0	0.0	0.000	0.000	0.000	0.0	0.0		15:16:52:569		
000:02:05.400	171.7	74.3	31.7	171.7	0.0	0.0	0.0	0.000	0.000	0.000	0.0	0.0		15:16:52:769		
000:02:05.600	171.4	74.3	31.7	171.4	0.0	0.0	0.0	0.000	0.000	0.000	0.0	0.0		15:16:52:969		
000:02:05.800	170.9	74.3	31.7	170.8	0.0	0.0	0.0	0.000	0.000	0.000	0.0	0.0		15:16:53:169		
000:02:06.000	170.6	74.3	31.7	170.5	0.0	0.0	0.0	0.000	0.000	0.000	0.0	0.0		15:16:53:369		
000:02:06.200	170.2	74.3	31.7	170.2	0.0	0.0	0.0	0.000	0.000	0.000	0.0	0.0		15:16:53:569		
000:02:06.400	169.5	74.3	31.7	169.4	0.0	0.0	0.0	0.000	0.000	0.000	0.0	0.0		15:16:53:769		
000:02:06.600	169.2	74.3	31.7	169.1	0.0	0.0	0.0	0.000	0.000	0.000	0.0	0.0		15:16:53:969		
000:02:06.800	168.9	74.3	31.7	168.8	0.0	0.0	0.0	0.000	0.000	0.000	0.0	0.0		15:16:54:169		
000:02:07.000	168.1	74.3	31.7	168.1	0.0	0.0	0.0	0.000	0.000	0.000	0.0	0.0		15:16:54:369		
000:02:07.200	167.6	74.3	31.7	167.6	0.0	0.0	0.0	0.000	0.000	0.000	0.0	0.0		15:16:54:569		
000:02:07.400	167.3	74.3	31.7	167.3	0.0	0.0	0.0	0.000	0.000	0.000	0.0	0.0		15:16:54:769		
000:02:07.600	167.0	74.3	31.7	166.9	0.0	0.0	0.0	0.000	0.000	0.000	0.0	0.0		15:16:54:969		
000:02:07.800	166.5	74.3	31.7	166.4	0.0	0.0	0.0	0.000	0.000	0.000	0.0	0.0		15:16:55:169		
000:02:08.000	166.1	74.3	31.7	166.0	0.0	0.0	0.0	0.000	0.000	0.000	0.0	0.0		15:16:55:369		
000:02:08.200	165.8	74.3	31.7	165.7	0.0	0.0	0.0	0.000	0.000	0.000	0.0	0.0		15:16:55:569		
000:02:08.400	165.2	74.3	31.7	165.2	0.0	0.0	0.0	0.000	0.000	0.000	0.0	0.0		15:16:55:769		
000:02:08.600	164.8	74.3	31.7	164.8	0.0	0.0	0.0	0.000	0.000	0.000	0.0	0.0		15:16:55:969		
000:02:08.800	164.5	74.3	31.7	164.5	0.0	0.0	0.0	0.000	0.000	0.000	0.0	0.0		15:16:56:169		
000:02:09.000	164.3	74.3	31.7	164.3	0.0	0.0	0.0	0.000	0.000	0.000	0.0	0.0		15:16:56:369		
000:02:09.200	163.8	74.3	31.7	163.7	0.0	0.0	0.0	0.000	0.000	0.000	0.0	0.0		15:16:56:569		
000:02:09.400	163.5	74.3	31.7	163.5	0.0	0.0	0.0	0.000	0.000	0.000	0.0	0.0		15:16:56:769		
000:02:09.600	163.3	74.3	31.7	163.3	0.0	0.0	0.0	0.000	0.000	0.000	0.0	0.0		15:16:56:969		
000:02:09.800	162.7	74.3	31.7	162.7	0.0	0.0	0.0	0.000	0.000	0.000	0.0	0.0		15:16:57:169		
000:02:10.000	162.4	74.3	31.7	162.4	0.0	0.0	0.0	0.000	0.000	0.000	0.0	0.0		15:16:57:369		
000:02:10.200	162.1	74.3	31.7	162.1	0.0	0.0	0.0	0.000	0.000	0.000	0.0	0.0		15:16:57:569		
000:02:10.400	161.7	74.3	31.7	161.7	0.0	0.0	0.0	0.000	0.000	0.000	0.0	0.0		15:16:57:769		
000:02:10.600	161.3	74.3	31.7	161.3	0.0	0.0	0.0	0.000	0.000	0.000	0.0	0.0		15:16:57:969		
000:02:10.800	161.0	74.3	31.7	161.0	0.0	0.0	0.0	0.000	0.000	0.000	0.0	0.0		15:16:58:169		
000:02:11.000	160.8	74.3	31.7	160.7	0.0	0.0	0.0	0.000	0.000	0.000	0.0	0.0		15:16:58:369		
000:02:11.200	160.3	74.3	31.7	160.3	0.0	0.0	0.0	0.000	0.000	0.000	0.0	0.0		15:16:58:569		
000:02:11.400	160.0	74.3	31.7	160.0	0.0	0.0	0.0	0.000	0.000	0.000	0.0	0.0		15:16:58:769		
000:02:11.600	159.8	74.3	31.7	159.8	0.0	0.0	0.0	0.000	0.000	0.000	0.0	0.0		15:16:58:969		
000:02:11.800	159.4	74.3	31.7	159.4	0.0	0.0	0.0	0.000	0.000	0.000	0.0	0.0		15:16:59:169		
000:02:12.000	159.1	74.3	31.7	159.0	0.0	0.0	0.0	0.000	0.000	0.000	0.0	0.0		15:16:59:369		
000:02:12.200	158.9	74.3	31.7	158.8	0.0	0.0	0.0	0.000	0.000	0.000	0.0	0.0		15:16:59:569		
000:02:12.400	158.6	74.3	31.7	158.6	0.0	0.0	0.0	0.000	0.000	0.000	0.0	0.0		15:16:59:769		
000:02:12.600	158.1	74.3	31.7	158.1	0.0	0.0	0.0	0.000	0.000	0.000	0.0	0.0		15:16:59:969		
000:02:12.800	157.9	74.3	31.7	157.9	0.0	0.0	0.0	0.000	0.000	0.000	0.0	0.0		15:17:00:169		
000:02:13.000	157.7	74.3	31.7	157.7	0.0	0.0	0.0	0.000	0.000	0.000	0.0	0.0		15:17:00:369		
000:02:13.200	157.5	74.3	31.7	157.4	0.0	0.0	0.0	0.000	0.000	0.000	0.0	0.0		15:17:00:569		
000:02:13.400	157.3	74.3	31.7	157.1	0.0	0.0	0.0	0.000	0.000	0.000	0.0	0.0		15:17:00:769		
000:02:13.600	157.0	74.3	31.7	156.9	0.0	0.0	0.0	0.000	0.000	0.000	0.0	0.0		15:17:00:969		
000:02:13.800	156.6	74.3	31.7	156.6	0.0	0.0	0.0	0.000	0.000	0.000	0.0	0.0		15:17:01:169		
000:02:14.000	156.4	74.3	31.7	156.4	0.0	0.0	0.0	0.000	0.000	0.000	0.0	0.0		15:17:01:369		
000:02:14.200	156.2	74.3	31.7	156.2	0.0	0.0	0.0	0.000	0.000	0.000	0.0	0.0		15:17:01:569		
000:02:14.400	155.9	74.3	31.7	155.9	0.0	0.0	0.0	0.000	0.000	0.000	0.0	0.0		15:17:01:769		
000:02:14.600	155.6	74.3	31.7	155.5	0.0	0.0	0.0	0.000	0.000	0.000	0.0	0.0		15:17:01:969		
000:02:14.800	155.4	74.3	31.7	155.4	0.0	0.0	0.0	0.000	0.000	0.000	0.0	0.0		15:17:02:169		
000:02:15.000	155.3	74.3	31.7	155.3	0.0	0.0	0.0	0.000	0.000	0.000	0.0	0.0		15:17:02:369		
000:02:15.200	155.1	74.3	31.7	155.0	0.0	0.0	0.0	0.000	0.000	0.000	0.0	0.0		15:17:02:569		
000:02:15.400	155.0	74.3	31.7	154.9	0.0	0.0	0.0	0.000	0.000	0.000	0.0	0.0		15:17:02:769		
000:02:15.600	154.8	74.3	31.7	154.8	0.0	0.0	0.0	0.000	0.000	0.000	0.0	0.0		15:17:02:969		
000:02:15.800	154.5	74.3	31.7	154.5	0.0	0.0	0.0	0.000	0.000	0.000	0.0	0.0		15:17:03:169		
000:02:16.000	154.4	74.3	31.7	154.4	0.0	0.0	0.0	0.000	0.000	0.000	0.0	0.0		15:17:03:369		
000:02:16.200	154.2	74.3	31.7	154.2	0.0	0.0	0.0	0.000	0.000	0.000	0.0	0.0		15:17:03:569		
000:02:16.400	154.1	74.3	31.7	154.1	0.0	0.0	0.0	0.000	0.000	0.000	0.0	0.0		15:17:03:769		
000:02:16.600	154.1	74.3	31.7	154.1	0.0	0.0	0.0	0.000	0.000	0.000	0.0	0.0		15:17:03:969		
000:02:16.800	154.1	74.3	31.7	154.1	0.0	0.0	0.0	0.000	0.000	0.000	0.0	0.0		15:17:04:169		
000:02:17.000	154.0	74.3	31.7	154.0	0.0	0.0	0.0	0.000	0.000	0.000	0.0	0.0		15:17:04:369		
000:02:17.200	154.0	74.3	31.7	154.0	0.0	0.0	0.0	0.000	0.000	0.000	0.0	0.0		15:17:04:569		
000:02:17.400	154.0	74.3	31.7	153.9	0.0	0.0	0.0	0.000	0.000	0.000	0.0	0.0		15:17:04:769		
000:02:17.600	154.0	74.3	31.7	153.9	0.0	0.0	0.0	0.000	0.000	0.000	0.0	0.0		15:17:04:969		
000:02:17.800	154.2	74.3	31.7	154.3	0.0	0.0	0.0	0.000	0.000	0.000	0.0	0.0		15:17:05:169		
000:02:18.000	154.3	74.3	31.7	154.4	0.0	0.0	0.0	0.000	0.000	0.000	0.0	0.0		15:17:05:369		
000:02:18.200	154.4	74.3	31.7	154.4	0.0	0.0	0.0	0.000	0.000	0.000	0.0	0.0		15:17:05:569		
000:02:18.400	154.5	74.3	31.7	154.5	0.0	0.0	0.0	0.000	0.000	0.000	0.0	0.0		15:17:05:769		
000:02:18.600	154.6	74.3	31.7	154.6	0.0	0.0	0.0	0.000	0.000	0.000	0.0	0.0		15:17:05:969		
000:02:18.800	154.5	74.3	31.7	154.5	0.0	0.0	0.0	0.000	0.000	0.000	0.0	0.0		15:17:06:169		
000:02:19.000	154.4	74.3	31.7	154.4	0.0	0.0	0.0	0.000	0.000	0.000	0.0	0.0		15:17:06:369		
000:02:19.200	154.2	74.3	31.7	154.2	0.0	0.0	0.0	0.000	0.000	0.000	0.0	0.0		15:17:06:569		
000:02:19.400	154.2	74.3	31.7	154.2	0.0	0.0	0.0	0.000	0.000	0.000	0.0	0.0		15:17:06:769		
000:02:19.600	154.2	74.3	31.7	154.2	0.0	0.0	0.0	0.000	0.000	0.000	0.0	0.0		15:17:06:969		
000:02:19.800	154.1	74.3	31.7	154.0	0.0	0.0	0.0	0.000	0.000	0.000	0.0	0.0		15:17:07:169		
000:02:20.000	154.1	74.3	31.7	154.0	0.0	0.0	0.0	0.000	0.000	0.000	0.0	0.0		15:17:07:369		
000:02:20.200	154.0	74.3	31.7	154.0	0.0	0.0	0.0	0.000	0.000	0.000	0.0	0.0		15:17:07:569		
000:02:20.400	153.9	74.3	31.7	153.9	0.0	0.0	0.0	0.000	0.000	0.000	0.0	0.0		15:17:07:769		
000:02:20.600	153.9	74.3	31.7	153.9	0.0	0.0	0.0	0.000	0.000	0.000	0.0	0.0		15:17:07:969		
000:02:20.800	153.9	74.3	31.7	153.9	0.0	0.0	0.0	0.000	0.000	0.000	0.0	0.0		15:17:08:169		
000:02:21.000	153.8	74.3	31.7	153.9	0.0	0.0	0.0	0.000	0.000	0.000	0.0	0.0		15:17:08:369		
000:02:21.200	154.0	74.3	31.7	153.9	0.0	0.0	0.0	0.000	0.000	0.000	0.0	0.0		15:17:08:569		
000:02:21.400	153.9	74.3	31.7	153.9	0.0	0.0	0.0	0.000	0.000	0.000	0.0	0.0		15:17:08:769		
000:02:21.600	153.9	74.3	31.7	153.8	0.0	0.0	0.0	0.000	0.000	0.000	0.0	0.0		15:17:08:969		
000:02:21.800	153.7	74.3	31.7	153.7	0.0	0.0	0.0	0.000	0.000	0.000	0.0	0.0		15:17:09:169		
000:02:22.000	153.6	74.3	31.7	153.7	0.0	0.0	0.0	0.000	0.000	0.000	0.0	0.0		15:17:09:369		
000:02:22.200	153.5	74.3	31.7	153.6	0.0	0.0	0.0	0.000	0.000	0.000	0.0	0.0		15:17:09:569		
000:02:22.400	153.4	74.3	31.7	153.4	0.0	0.0	0.0	0.000	0.000	0.000	0.0	0.0		15:17:09:769		
000:02:22.600	153.0	74.3	31.7	153.0	0.0	0.0	0.0	0.000	0.000	0.000	0.0	0.0		15:17:09:969		
000:02:22.800	152.9	74.3	31.7	152.9	0.0	0.0	0.0	0.000	0.000	0.000	0.0	0.0		15:17:10:169		
000:02:23.000	152.9	74.3	31.7	152.9	0.0	0.0	0.0	0.000	0.000	0.000	0.0	0.0		15:17:10:369		
000:02:23.200	152.7	74.3	31.7	152.7	0.0	0.0	0.0	0.000	0.000	0.000	0.0	0.0		15:17:10:569		
000:02:23.400	152.6	74.3	31.7	152.6	0.0	0.0	0.0	0.000	0.000	0.000	0.0	0.0		15:17:10:769		
000:02:23.600	152.6	74.3	31.7	152.6	0.0	0.0	0.0	0.000	0.000	0.000	0.0	0.0		15:17:10:969		
000:02:23.800	152.5	74.3	31.7	152.5	0.0	0.0	0.0	0.000	0.000	0.000	0.0	0.0		15:17:11:169		
000:02:24.000	152.4	74.3	31.7	152.4	0.0	0.0	0.0	0.000	0.000	0.000	0.0	0.0		15:17:11:369		
000:02:24.200	152.3	74.3	31.7	152.3	0.0	0.0	0.0	0.000	0.000	0.000	0.0	0.0		15:17:11:569		
000:02:24.400	152.3	74.3	31.7	152.3	0.0	0.0	0.0	0.000	0.000	0.000	0.0	0.0		15:17:11:769		
000:02:24.600	152.1	74.3	31.7	152.1	0.0	0.0	0.0	0.000	0.000	0.000	0.0	0.0		15:17:11:969		
000:02:24.800	152.1	74.3	31.7	152.1	0.0	0.0	0.0	0.000	0.000	0.000	0.0	0.0		15:17:12:169		
000:02:25.000	152.0	74.3	31.7	152.0	0.0	0.0	0.0	0.000	0.000	0.000	0.0	0.0		15:17:12:369		
000:02:25.200	152.2	74.3	31.7	152.2	0.0	0.0	0.0	0.000	0.000	0.000	0.0	0.0		15:17:12:569		
000:02:25.400	152.1	74.3	31.7	152.1	0.0	0.0	0.0	0.000	0.000	0.000	0.0	0.0		15:17:12:769		
000:02:25.600	152.1	74.3	31.7	152.1	0.0	0.0	0.0	0.000	0.000	0.000	0.0	0.0		15:17:12:969		
000:02:25.800	151.8	74.3	31.7	151.8	0.0	0.0	0.0	0.000	0.000	0.000	0.0	0.0		15:17:13:169		
000:02:26.000	151.8	74.3	31.7	151.8	0.0	0.0	0.0	0.000	0.000	0.000	0.0	0.0		15:17:13:369		
000:02:26.200	151.7	74.3	31.7	151.7	0.0	0.0	0.0	0.000	0.000	0.000	0.0	0.0		15:17:13:569		
000:02:26.400	151.4	74.3	31.7	151.4	0.0	0.0	0.0	0.000	0.000	0.000	0.0	0.0		15:17:13:769		
000:02:26.600	151.3	74.3	31.7	151.3	0.0	0.0	0.0	0.000	0.000	0.000	0.0	0.0		15:17:13:969		
000:02:26.800	151.2	74.3	31.7	151.2	0.0	0.0	0.0	0.000	0.000	0.000	0.0	0.0		15:17:14:169		
000:02:27.000	151.1	74.3	31.7	151.1	0.0	0.0	0.0	0.000	0.000	0.000	0.0	0.0		15:17:14:369		
000:02:27.200	150.9	74.3	31.7	150.9	0.0	0.0	0.0	0.000	0.000	0.000	0.0	0.0		15:17:14:569		
000:02:27.400	150.8	74.3	31.7	150.9	0.0	0.0	0.0	0.000	0.000	0.000	0.0	0.0		15:17:14:769		
000:02:27.600	150.7	74.3	31.7	150.8	0.0	0.0	0.0	0.000	0.000	0.000	0.0	0.0		15:17:14:969		
000:02:27.800	150.6	74.3	31.7	150.6	0.0	0.0	0.0	0.000	0.000	0.000	0.0	0.0		15:17:15:169		
000:02:28.000	150.4	74.3	31.7	150.4	0.0	0.0	0.0	0.000	0.000	0.000	0.0	0.0		15:17:15:369		
000:02:28.200	150.2	74.3	31.7	150.1	0.0	0.0	0.0	0.000	0.000	0.000	0.0	0.0		15:17:15:569		
000:02:28.400	150.0	74.3	31.7	150.0	0.0	0.0	0.0	0.000	0.000	0.000	0.0	0.0		15:17:15:769		
000:02:28.600	150.0	74.3	31.7	150.0	0.0	0.0	0.0	0.000	0.000	0.000	0.0	0.0		15:17:15:969		
000:02:28.800	150.0	74.3	31.7	150.0	0.0	0.0	0.0	0.000	0.000	0.000	0.0	0.0		15:17:16:169		
000:02:29.000	149.7	74.3	31.7	149.7	0.0	0.0	0.0	0.000	0.000	0.000	0.0	0.0		15:17:16:369		
000:02:29.200	149.5	74.3	31.7	149.4	0.0	0.0	0.0	0.000	0.000	0.000	0.0	0.0		15:17:16:569		
000:02:29.400	149.3	74.3	31.7	149.3	0.0	0.0	0.0	0.000	0.000	0.000	0.0	0.0		15:17:16:769		
000:02:29.600	149.2	74.3	31.7	149.2	0.0	0.0	0.0	0.000	0.000	0.000	0.0	0.0		15:17:16:969		
000:02:29.800	149.1	74.3	31.7	149.1	0.0	0.0	0.0	0.000	0.000	0.000	0.0	0.0		15:17:17:169		
000:02:30.000	149.1	74.3	31.7	149.0	0.0	0.0	0.0	0.000	0.000	0.000	0.0	0.0		15:17:17:369		
000:02:30.200	149.0	74.3	31.7	148.9	0.0	0.0	0.0	0.000	0.000	0.000	0.0	0.0		15:17:17:569		
000:02:30.400	148.7	74.3	31.7	148.7	0.0	0.0	0.0	0.000	0.000	0.000	0.0	0.0		15:17:17:769		
000:02:30.600	148.6	74.3	31.7	148.6	0.0	0.0	0.0	0.000	0.000	0.000	0.0	0.0		15:17:17:969		
000:02:30.800	148.4	74.3	31.7	148.4	0.0	0.0	0.0	0.000	0.000	0.000	0.0	0.0		15:17:18:169		
000:02:31.000	148.3	74.3	31.7	148.3	0.0	0.0	0.0	0.000	0.000	0.000	0.0	0.0		15:17:18:369		
000:02:31.200	148.1	74.3	31.7	148.1	0.0	0.0	0.0	0.000	0.000	0.000	0.0	0.0		15:17:18:569		
000:02:31.400	148.0	74.3	31.7	148.0	0.0	0.0	0.0	0.000	0.000	0.000	0.0	0.0		15:17:18:769		
000:02:31.600	147.8	74.3	31.7	147.8	0.0	0.0	0.0	0.000	0.000	0.000	0.0	0.0		15:17:18:969		
000:02:31.800	147.6	74.3	31.7	147.6	0.0	0.0	0.0	0.000	0.000	0.000	0.0	0.0		15:17:19:169		
000:02:32.000	147.5	74.3	31.7	147.5	0.0	0.0	0.0	0.000	0.000	0.000	0.0	0.0		15:17:19:369		
000:02:32.200	147.4	74.3	31.7	147.4	0.0	0.0	0.0	0.000	0.000	0.000	0.0	0.0		15:17:19:569		
000:02:32.400	147.3	74.3	31.7	147.3	0.0	0.0	0.0	0.000	0.000	0.000	0.0	0.0		15:17:19:769		
000:02:32.600	147.1	74.3	31.7	147.1	0.0	0.0	0.0	0.000	0.000	0.000	0.0	0.0		15:17:19:969		
000:02:32.800	147.0	74.3	31.7	147.0	0.0	0.0	0.0	0.000	0.000	0.000	0.0	0.0		15:17:20:169		
000:02:33.000	146.9	74.3	31.7	146.8	0.0	0.0	0.0	0.000	0.000	0.000	0.0	0.0		15:17:20:369		
000:02:33.200	146.8	74.3	31.7	146.8	0.0	0.0	0.0	0.000	0.000	0.000	0.0	0.0		15:17:20:569		
000:02:33.400	146.6	74.3	31.7	146.6	0.0	0.0	0.0	0.000	0.000	0.000	0.0	0.0		15:17:20:769		
000:02:33.600	146.4	74.3	31.7	146.4	0.0	0.0	0.0	0.000	0.000	0.000	0.0	0.0		15:17:20:969		
000:02:33.800	146.1	74.3	31.7	146.1	0.0	0.0	0.0	0.000	0.000	0.000	0.0	0.0		15:17:21:169		
000:02:34.000	145.9	74.3	31.7	145.9	0.0	0.0	0.0	0.000	0.000	0.000	0.0	0.0		15:17:21:369		
000:02:34.200	145.8	74.3	31.7	145.8	0.0	0.0	0.0	0.000	0.000	0.000	0.0	0.0		15:17:21:569		
000:02:34.400	145.7	74.3	31.7	145.7	0.0	0.0	0.0	0.000	0.000	0.000	0.0	0.0		15:17:21:769		
000:02:34.600	145.5	74.3	31.7	145.5	0.0	0.0	0.0	0.000	0.000	0.000	0.0	0.0		15:17:21:969		
000:02:34.800	145.4	74.3	31.7	145.2	0.0	0.0	0.0	0.000	0.000	0.000	0.0	0.0		15:17:22:169		
000:02:35.000	145.2	74.3	31.7	145.1	0.0	0.0	0.0	0.000	0.000	0.000	0.0	0.0		15:17:22:369		
000:02:35.200	144.9	74.3	31.7	144.9	0.0	0.0	0.0	0.000	0.000	0.000	0.0	0.0		15:17:22:569		
000:02:35.400	144.8	74.3	31.7	144.8	0.0	0.0	0.0	0.000	0.000	0.000	0.0	0.0		15:17:22:769		
000:02:35.600	144.7	74.3	31.7	144.7	0.0	0.0	0.0	0.000	0.000	0.000	0.0	0.0		15:17:22:969		
000:02:35.800	144.5	74.3	31.7	144.5	0.0	0.0	0.0	0.000	0.000	0.000	0.0	0.0		15:17:23:169		
000:02:36.000	144.4	74.3	31.7	144.4	0.0	0.0	0.0	0.000	0.000	0.000	0.0	0.0		15:17:23:369		
000:02:36.200	144.3	74.3	31.7	144.2	0.0	0.0	0.0	0.000	0.000	0.000	0.0	0.0		15:17:23:569		
000:02:36.400	143.9	74.3	31.7	143.9	0.0	0.0	0.0	0.000	0.000	0.000	0.0	0.0		15:17:23:769		
000:02:36.600	143.7	74.3	31.7	143.7	0.0	0.0	0.0	0.000	0.000	0.000	0.0	0.0		15:17:23:969		
000:02:36.800	143.6	74.3	31.7	143.6	0.0	0.0	0.0	0.000	0.000	0.000	0.0	0.0		15:17:24:169		
000:02:37.000	143.5	74.3	31.7	143.5	0.0	0.0	0.0	0.000	0.000	0.000	0.0	0.0		15:17:24:369		
000:02:37.200	143.3	74.3	31.7	143.3	0.0	0.0	0.0	0.000	0.000	0.000	0.0	0.0		15:17:24:569		
000:02:37.400	143.1	74.3	31.7	143.1	0.0	0.0	0.0	0.000	0.000	0.000	0.0	0.0		15:17:24:769		
000:02:37.600	143.0	74.3	31.7	143.0	0.0	0.0	0.0	0.000	0.000	0.000	0.0	0.0		15:17:24:969		
000:02:37.800	142.7	74.3	31.7	142.7	0.0	0.0	0.0	0.000	0.000	0.000	0.0	0.0		15:17:25:169		
000:02:38.000	142.6	74.3	31.7	142.6	0.0	0.0	0.0	0.000	0.000	0.000	0.0	0.0		15:17:25:369		
000:02:38.200	142.4	74.3	31.7	142.4	0.0	0.0	0.0	0.000	0.000	0.000	0.0	0.0		15:17:25:569		
000:02:38.400	142.2	74.3	31.7	142.1	0.0	0.0	0.0	0.000	0.000	0.000	0.0	0.0		15:17:25:769		
000:02:38.600	141.9	74.3	31.7	141.9	0.0	0.0	0.0	0.000	0.000	0.000	0.0	0.0		15:17:25:969		
000:02:38.800	141.8	74.3	31.7	141.8	0.0	0.0	0.0	0.000	0.000	0.000	0.0	0.0		15:17:26:169		
000:02:39.000	141.8	74.3	31.7	141.7	0.0	0.0	0.0	0.000	0.000	0.000	0.0	0.0		15:17:26:369		
000:02:39.200	141.5	74.3	31.7	141.5	0.0	0.0	0.0	0.000	0.000	0.000	0.0	0.0		15:17:26:569		
000:02:39.400	141.4	74.3	31.7	141.4	0.0	0.0	0.0	0.000	0.000	0.000	0.0	0.0		15:17:26:769		
000:02:39.600	141.4	74.3	31.7	141.4	0.0	0.0	0.0	0.000	0.000	0.000	0.0	0.0		15:17:26:969		
000:02:39.800	141.1	74.3	31.7	141.0	0.0	0.0	0.0	0.000	0.000	0.000	0.0	0.0		15:17:27:169		
000:02:40.000	140.7	74.3	31.7	140.7	0.0	0.0	0.0	0.000	0.000	0.000	0.0	0.0		15:17:27:369		
000:02:40.200	140.5	74.3	31.7	140.5	0.0	0.0	0.0	0.000	0.000	0.000	0.0	0.0		15:17:27:569		
000:02:40.400	140.3	74.3	31.7	140.3	0.0	0.0	0.0	0.000	0.000	0.000	0.0	0.0		15:17:27:769		
000:02:40.600	140.1	74.3	31.7	140.0	0.0	0.0	0.0	0.000	0.000	0.000	0.0	0.0		15:17:27:969		
000:02:40.800	139.9	74.3	31.7	139.9	0.0	0.0	0.0	0.000	0.000	0.000	0.0	0.0		15:17:28:169		
000:02:41.000	139.7	74.3	31.7	139.7	0.0	0.0	0.0	0.000	0.000	0.000	0.0	0.0		15:17:28:369		
000:02:41.200	139.5	74.3	31.7	139.5	0.0	0.0	0.0	0.000	0.000	0.000	0.0	0.0		15:17:28:569		
000:02:41.400	139.4	74.3	31.7	139.4	0.0	0.0	0.0	0.000	0.000	0.000	0.0	0.0		15:17:28:769		
000:02:41.600	139.3	74.3	31.7	139.3	0.0	0.0	0.0	0.000	0.000	0.000	0.0	0.0		15:17:28:969		
000:02:41.800	138.9	74.3	31.7	138.9	0.0	0.0	0.0	0.000	0.000	0.000	0.0	0.0		15:17:29:169		
000:02:42.000	138.8	74.3	31.7	138.8	0.0	0.0	0.0	0.000	0.000	0.000	0.0	0.0		15:17:29:369		
000:02:42.200	138.8	74.3	31.7	138.7	0.0	0.0	0.0	0.000	0.000	0.000	0.0	0.0		15:17:29:569		
000:02:42.400	138.5	74.3	31.7	138.5	0.0	0.0	0.0	0.000	0.000	0.000	0.0	0.0		15:17:29:769		
000:02:42.600	138.3	74.3	31.7	138.3	0.0	0.0	0.0	0.000	0.000	0.000	0.0	0.0		15:17:29:969		
000:02:42.800	138.1	74.3	31.7	138.1	0.0	0.0	0.0	0.000	0.000	0.000	0.0	0.0		15:17:30:169		
000:02:43.000	137.9	74.3	31.7	137.9	0.0	0.0	0.0	0.000	0.000	0.000	0.0	0.0		15:17:30:369		
000:02:43.200	137.7	74.3	31.7	137.7	0.0	0.0	0.0	0.000	0.000	0.000	0.0	0.0		15:17:30:569		
000:02:43.400	137.5	74.3	31.7	137.5	0.0	0.0	0.0	0.000	0.000	0.000	0.0	0.0		15:17:30:769		
000:02:43.600	137.3	74.3	31.7	137.3	0.0	0.0	0.0	0.000	0.000	0.000	0.0	0.0		15:17:30:969		
000:02:43.800	137.0	74.3	31.7	137.0	0.0	0.0	0.0	0.000	0.000	0.000	0.0	0.0		15:17:31:169		
000:02:44.000	136.9	74.3	31.7	136.9	0.0	0.0	0.0	0.000	0.000	0.000	0.0	0.0		15:17:31:369		
000:02:44.200	136.8	74.3	31.7	136.7	0.0	0.0	0.0	0.000	0.000	0.000	0.0	0.0		15:17:31:569		
000:02:44.400	136.5	74.3	31.7	136.5	0.0	0.0	0.0	0.000	0.000	0.000	0.0	0.0		15:17:31:769		
000:02:44.600	136.4	74.3	31.7	136.4	0.0	0.0	0.0	0.000	0.000	0.000	0.0	0.0		15:17:31:969		
000:02:44.800	136.4	74.3	31.7	136.3	0.0	0.0	0.0	0.000	0.000	0.000	0.0	0.0		15:17:32:169		
000:02:45.000	136.3	74.3	31.7	136.3	0.0	0.0	0.0	0.000	0.000	0.000	0.0	0.0		15:17:32:369		
000:02:45.200	135.9	74.3	31.7	136.0	0.0	0.0	0.0	0.000	0.000	0.000	0.0	0.0		15:17:32:569		
000:02:45.400	135.9	74.3	31.7	135.9	0.0	0.0	0.0	0.000	0.000	0.000	0.0	0.0		15:17:32:769		
000:02:45.600	135.9	74.3	31.7	135.8	0.0	0.0	0.0	0.000	0.000	0.000	0.0	0.0		15:17:32:969		
000:02:45.800	135.4	74.3	31.7	135.4	0.0	0.0	0.0	0.000	0.000	0.000	0.0	0.0		15:17:33:169		
000:02:46.000	135.3	74.3	31.7	135.3	0.0	0.0	0.0	0.000	0.000	0.000	0.0	0.0		15:17:33:369		
000:02:46.200	135.1	74.3	31.7	135.1	0.0	0.0	0.0	0.000	0.000	0.000	0.0	0.0		15:17:33:569		
000:02:46.400	134.8	74.3	31.7	134.8	0.0	0.0	0.0	0.000	0.000	0.000	0.0	0.0		15:17:33:769		
000:02:46.600	134.7	74.3	31.7	134.7	0.0	0.0	0.0	0.000	0.000	0.000	0.0	0.0		15:17:33:969		
000:02:46.800	134.6	74.3	31.7	134.6	0.0	0.0	0.0	0.000	0.000	0.000	0.0	0.0		15:17:34:169		
000:02:47.000	134.3	74.3	31.7	134.3	0.0	0.0	0.0	0.000	0.000	0.000	0.0	0.0		15:17:34:369		
000:02:47.200	134.1	74.3	31.7	134.1	0.0	0.0	0.0	0.000	0.000	0.000	0.0	0.0		15:17:34:569		
000:02:47.400	134.0	74.3	31.7	134.1	0.0	0.0	0.0	0.000	0.000	0.000	0.0	0.0		15:17:34:769		
000:02:47.600	133.9	74.3	31.7	134.0	0.0	0.0	0.0	0.000	0.000	0.000	0.0	0.0		15:17:34:969		
000:02:47.800	133.7	74.3	31.7	133.7	0.0	0.0	0.0	0.000	0.000	0.000	0.0	0.0		15:17:35:169		
000:02:48.000	133.5	74.3	31.7	133.5	0.0	0.0	0.0	0.000	0.000	0.000	0.0	0.0		15:17:35:369		
000:02:48.200	133.3	74.3	31.7	133.3	0.0	0.0	0.0	0.000	0.000	0.000	0.0	0.0		15:17:35:569		
000:02:48.400	133.1	74.4	31.7	133.1	0.0	0.0	0.0	0.000	0.000	0.000	0.0	0.0		15:17:35:769		
000:02:48.600	133.1	74.4	31.7	133.1	0.0	0.0	0.0	0.000	0.000	0.000	0.0	0.0		15:17:35:969		
000:02:48.800	133.0	74.4	31.7	133.0	0.0	0.0	0.0	0.000	0.000	0.000	0.0	0.0		15:17:36:169		
000:02:49.000	132.8	74.4	31.7	132.8	0.0	0.0	0.0	0.000	0.000	0.000	0.0	0.0		15:17:36:369		
000:02:49.200	132.6	74.4	31.7	132.6	0.0	0.0	0.0	0.000	0.000	0.000	0.0	0.0		15:17:36:569		
000:02:49.400	132.5	74.4	31.7	132.5	0.0	0.0	0.0	0.000	0.000	0.000	0.0	0.0		15:17:36:769		
000:02:49.600	132.4	74.4	31.7	132.4	0.0	0.0	0.0	0.000	0.000	0.000	0.0	0.0		15:17:36:969		
000:02:49.800	132.3	74.4	31.7	132.2	0.0	0.0	0.0	0.000	0.000	0.000	0.0	0.0		15:17:37:169		
000:02:50.000	132.2	74.4	31.7	132.1	0.0	0.0	0.0	0.000	0.000	0.000	0.0	0.0		15:17:37:369		
000:02:50.200	132.0	74.4	31.7	132.0	0.0	0.0	0.0	0.000	0.000	0.000	0.0	0.0		15:17:37:569		
000:02:50.400	131.7	74.4	31.7	131.7	0.0	0.0	0.0	0.000	0.000	0.000	0.0	0.0		15:17:37:769		
000:02:50.600	131.5	74.4	31.7	131.5	0.0	0.0	0.0	0.000	0.000	0.000	0.0	0.0		15:17:37:969		
000:02:50.800	131.3	74.4	31.7	131.3	0.0	0.0	0.0	0.000	0.000	0.000	0.0	0.0		15:17:38:169		
000:02:51.000	131.1	74.4	31.7	131.1	0.0	0.0	0.0	0.000	0.000	0.000	0.0	0.0		15:17:38:369		
000:02:51.200	131.1	74.4	31.7	131.0	0.0	0.0	0.0	0.000	0.000	0.000	0.0	0.0		15:17:38:569		
000:02:51.400	130.9	74.4	31.7	130.9	0.0	0.0	0.0	0.000	0.000	0.000	0.0	0.0		15:17:38:769		
000:02:51.600	130.7	74.4	31.7	130.7	0.0	0.0	0.0	0.000	0.000	0.000	0.0	0.0		15:17:38:969		
000:02:51.800	130.6	74.4	31.7	130.5	0.0	0.0	0.0	0.000	0.000	0.000	0.0	0.0		15:17:39:169		
000:02:52.000	130.5	74.4	31.7	130.4	0.0	0.0	0.0	0.000	0.000	0.000	0.0	0.0		15:17:39:369		
000:02:52.200	130.3	74.4	31.7	130.3	0.0	0.0	0.0	0.000	0.000	0.000	0.0	0.0		15:17:39:569		
000:02:52.400	130.1	74.4	31.7	130.1	0.0	0.0	0.0	0.000	0.000	0.000	0.0	0.0		15:17:39:769		
000:02:52.600	129.9	74.4	31.7	129.9	0.0	0.0	0.0	0.000	0.000	0.000	0.0	0.0		15:17:39:969		
000:02:52.800	129.8	74.4	31.7	129.8	0.0	0.0	0.0	0.000	0.000	0.000	0.0	0.0		15:17:40:169		
000:02:53.000	129.7	74.4	31.7	129.7	0.0	0.0	0.0	0.000	0.000	0.000	0.0	0.0		15:17:40:369		
000:02:53.200	129.4	74.4	31.7	129.4	0.0	0.0	0.0	0.000	0.000	0.000	0.0	0.0		15:17:40:569		
000:02:53.400	129.4	74.4	31.7	129.3	0.0	0.0	0.0	0.000	0.000	0.000	0.0	0.0		15:17:40:769		
000:02:53.600	129.3	74.4	31.7	129.2	0.0	0.0	0.0	0.000	0.000	0.000	0.0	0.0		15:17:40:969		
000:02:53.800	128.9	74.4	31.7	128.9	0.0	0.0	0.0	0.000	0.000	0.000	0.0	0.0		15:17:41:169		
000:02:54.000	128.8	74.4	31.7	128.7	0.0	0.0	0.0	0.000	0.000	0.000	0.0	0.0		15:17:41:369		
000:02:54.200	128.6	74.4	31.7	128.6	0.0	0.0	0.0	0.000	0.000	0.000	0.0	0.0		15:17:41:569		
000:02:54.400	128.5	74.4	31.7	128.5	0.0	0.0	0.0	0.000	0.000	0.000	0.0	0.0		15:17:41:769		
000:02:54.600	128.3	74.4	31.7	128.3	0.0	0.0	0.0	0.000	0.000	0.000	0.0	0.0		15:17:41:969		
000:02:54.800	128.2	74.4	31.7	128.2	0.0	0.0	0.0	0.000	0.000	0.000	0.0	0.0		15:17:42:169		
000:02:55.000	128.1	74.4	31.7	128.1	0.0	0.0	0.0	0.000	0.000	0.000	0.0	0.0		15:17:42:369		
000:02:55.200	127.9	74.4	31.7	127.9	0.0	0.0	0.0	0.000	0.000	0.000	0.0	0.0		15:17:42:569		
000:02:55.400	127.7	74.4	31.7	127.7	0.0	0.0	0.0	0.000	0.000	0.000	0.0	0.0		15:17:42:769		
000:02:55.600	127.6	74.4	31.7	127.5	0.0	0.0	0.0	0.000	0.000	0.000	0.0	0.0		15:17:42:969		
000:02:55.800	127.4	74.4	31.7	127.4	0.0	0.0	0.0	0.000	0.000	0.000	0.0	0.0		15:17:43:169		
000:02:56.000	127.4	74.4	31.7	127.4	0.0	0.0	0.0	0.000	0.000	0.000	0.0	0.0		15:17:43:369		
000:02:56.200	127.4	74.4	31.7	127.4	0.0	0.0	0.0	0.000	0.000	0.000	0.0	0.0		15:17:43:569		
000:02:56.400	127.2	74.4	31.7	127.2	0.0	0.0	0.0	0.000	0.000	0.000	0.0	0.0		15:17:43:769		
000:02:56.600	126.9	74.4	31.7	126.9	0.0	0.0	0.0	0.000	0.000	0.000	0.0	0.0		15:17:43:969		
000:02:56.800	126.8	74.4	31.7	126.8	0.0	0.0	0.0	0.000	0.000	0.000	0.0	0.0		15:17:44:169		
000:02:57.000	126.7	74.4	31.7	126.6	0.0	0.0	0.0	0.000	0.000	0.000	0.0	0.0		15:17:44:369		
000:02:57.200	126.4	74.4	31.7	126.4	0.0	0.0	0.0	0.000	0.000	0.000	0.0	0.0		15:17:44:569		
000:02:57.400	126.3	74.4	31.7	126.3	0.0	0.0	0.0	0.000	0.000	0.000	0.0	0.0		15:17:44:769		
000:02:57.600	126.2	74.4	31.7	126.1	0.0	0.0	0.0	0.000	0.000	0.000	0.0	0.0		15:17:44:969		
000:02:57.800	126.1	74.4	31.7	126.1	0.0	0.0	0.0	0.000	0.000	0.000	0.0	0.0		15:17:45:169		
000:02:58.000	126.0	74.4	31.7	126.0	0.0	0.0	0.0	0.000	0.000	0.000	0.0	0.0		15:17:45:369		
000:02:58.200	125.8	74.4	31.7	125.8	0.0	0.0	0.0	0.000	0.000	0.000	0.0	0.0		15:17:45:569		
000:02:58.400	125.5	74.4	31.7	125.5	0.0	0.0	0.0	0.000	0.000	0.000	0.0	0.0		15:17:45:769		
000:02:58.600	125.4	74.4	31.7	125.3	0.0	0.0	0.0	0.000	0.000	0.000	0.0	0.0		15:17:45:969		
000:02:58.800	125.3	74.4	31.7	125.2	0.0	0.0	0.0	0.000	0.000	0.000	0.0	0.0		15:17:46:169		
000:02:59.000	125.1	74.4	31.7	125.1	0.0	0.0	0.0	0.000	0.000	0.000	0.0	0.0		15:17:46:369		
000:02:59.200	124.9	74.4	31.7	124.9	0.0	0.0	0.0	0.000	0.000	0.000	0.0	0.0		15:17:46:569		
000:02:59.400	124.8	74.4	31.7	124.8	0.0	0.0	0.0	0.000	0.000	0.000	0.0	0.0		15:17:46:769		
000:02:59.600	124.7	74.4	31.7	124.7	0.0	0.0	0.0	0.000	0.000	0.000	0.0	0.0		15:17:46:969		
000:02:59.800	124.4	74.4	31.7	124.4	0.0	0.0	0.0	0.000	0.000	0.000	0.0	0.0		15:17:47:169		
000:03:00.000	124.4	74.4	31.7	124.4	0.0	0.0	0.0	0.000	0.000	0.000	0.0	0.0		15:17:47:369		
000:03:00.200	124.4	74.4	31.7	124.4	0.0	0.0	0.0	0.000	0.000	0.000	0.0	0.0		15:17:47:569		
000:03:00.400	124.2	74.4	31.7	124.1	0.0	0.0	0.0	0.000	0.000	0.000	0.0	0.0		15:17:47:769		
000:03:00.600	124.0	74.4	31.7	124.0	0.0	0.0	0.0	0.000	0.000	0.000	0.0	0.0		15:17:47:969		
000:03:00.800	123.9	74.4	31.7	123.9	0.0	0.0	0.0	0.000	0.000	0.000	0.0	0.0		15:17:48:169		
000:03:01.000	123.7	74.4	31.7	123.7	0.0	0.0	0.0	0.000	0.000	0.000	0.0	0.0		15:17:48:369		
000:03:01.200	123.6	74.4	31.7	123.6	0.0	0.0	0.0	0.000	0.000	0.000	0.0	0.0		15:17:48:569		
000:03:01.400	123.5	74.4	31.7	123.5	0.0	0.0	0.0	0.000	0.000	0.000	0.0	0.0		15:17:48:769		
000:03:01.600	123.3	74.4	31.7	123.3	0.0	0.0	0.0	0.000	0.000	0.000	0.0	0.0		15:17:48:969		
000:03:01.800	123.1	74.4	31.7	123.1	0.0	0.0	0.0	0.000	0.000	0.000	0.0	0.0		15:17:49:169		
000:03:02.000	123.0	74.4	31.7	122.9	0.0	0.0	0.0	0.000	0.000	0.000	0.0	0.0		15:17:49:369		
000:03:02.200	122.9	74.4	31.7	122.8	0.0	0.0	0.0	0.000	0.000	0.000	0.0	0.0		15:17:49:569		
000:03:02.400	122.7	74.4	31.7	122.7	0.0	0.0	0.0	0.000	0.000	0.000	0.0	0.0		15:17:49:769		
000:03:02.600	122.6	74.4	31.7	122.6	0.0	0.0	0.0	0.000	0.000	0.000	0.0	0.0		15:17:49:969		
000:03:02.800	122.4	74.4	31.7	122.4	0.0	0.0	0.0	0.000	0.000	0.000	0.0	0.0		15:17:50:169		
000:03:03.000	122.3	74.4	31.7	122.3	0.0	0.0	0.0	0.000	0.000	0.000	0.0	0.0		15:17:50:369		
000:03:03.200	122.2	74.4	31.7	122.2	0.0	0.0	0.0	0.000	0.000	0.000	0.0	0.0		15:17:50:569		
000:03:03.400	122.1	74.4	31.7	122.1	0.0	0.0	0.0	0.000	0.000	0.000	0.0	0.0		15:17:50:769		
000:03:03.600	121.9	74.4	31.7	122.0	0.0	0.0	0.0	0.000	0.000	0.000	0.0	0.0		15:17:50:969		
000:03:03.800	121.9	74.4	31.7	121.9	0.0	0.0	0.0	0.000	0.000	0.000	0.0	0.0		15:17:51:169		
000:03:04.000	121.8	74.4	31.7	121.9	0.0	0.0	0.0	0.000	0.000	0.000	0.0	0.0		15:17:51:369		
000:03:04.200	121.6	74.4	31.7	121.5	0.0	0.0	0.0	0.000	0.000	0.000	0.0	0.0		15:17:51:569		
000:03:04.400	121.5	74.4	31.7	121.4	0.0	0.0	0.0	0.000	0.000	0.000	0.0	0.0		15:17:51:769		
000:03:04.600	121.3	74.4	31.7	121.3	0.0	0.0	0.0	0.000	0.000	0.000	0.0	0.0		15:17:51:969		
000:03:04.800	121.1	74.4	31.7	121.1	0.0	0.0	0.0	0.000	0.000	0.000	0.0	0.0		15:17:52:169		
000:03:05.000	121.0	74.4	31.7	121.0	0.0	0.0	0.0	0.000	0.000	0.000	0.0	0.0		15:17:52:369		
000:03:05.200	121.0	74.4	31.7	121.0	0.0	0.0	0.0	0.000	0.000	0.000	0.0	0.0		15:17:52:569		
000:03:05.400	120.9	74.4	31.7	120.9	0.0	0.0	0.0	0.000	0.000	0.000	0.0	0.0		15:17:52:769		
000:03:05.600	120.6	74.4	31.7	120.6	0.0	0.0	0.0	0.000	0.000	0.000	0.0	0.0		15:17:52:969		
000:03:05.800	120.6	74.4	31.7	120.6	0.0	0.0	0.0	0.000	0.000	0.000	0.0	0.0		15:17:53:169		
000:03:06.000	120.5	74.4	31.7	120.5	0.0	0.0	0.0	0.000	0.000	0.000	0.0	0.0		15:17:53:369		
000:03:06.200	120.3	74.4	31.7	120.2	0.0	0.0	0.0	0.000	0.000	0.000	0.0	0.0		15:17:53:569		
000:03:06.400	120.2	74.4	31.7	120.1	0.0	0.0	0.0	0.000	0.000	0.000	0.0	0.0		15:17:53:769		
000:03:06.600	120.1	74.4	31.7	120.0	0.0	0.0	0.0	0.000	0.000	0.000	0.0	0.0		15:17:53:969		
000:03:06.800	119.9	74.4	31.7	119.9	0.0	0.0	0.0	0.000	0.000	0.000	0.0	0.0		15:17:54:169		
000:03:07.000	119.8	74.4	31.7	119.8	0.0	0.0	0.0	0.000	0.000	0.000	0.0	0.0		15:17:54:369		
000:03:07.200	119.7	74.4	31.7	119.6	0.0	0.0	0.0	0.000	0.000	0.000	0.0	0.0		15:17:54:569		
000:03:07.400	119.6	74.4	31.7	119.5	0.0	0.0	0.0	0.000	0.000	0.000	0.0	0.0		15:17:54:769		
000:03:07.600	119.5	74.4	31.7	119.4	0.0	0.0	0.0	0.000	0.000	0.000	0.0	0.0		15:17:54:969		
000:03:07.800	119.3	74.4	31.7	119.3	0.0	0.0	0.0	0.000	0.000	0.000	0.0	0.0		15:17:55:169		
000:03:08.000	119.1	74.4	31.7	119.1	0.0	0.0	0.0	0.000	0.000	0.000	0.0	0.0		15:17:55:369		
000:03:08.200	118.9	74.4	31.7	118.9	0.0	0.0	0.0	0.000	0.000	0.000	0.0	0.0		15:17:55:569		
000:03:08.400	118.8	74.4	31.7	118.8	0.0	0.0	0.0	0.000	0.000	0.000	0.0	0.0		15:17:55:769		
000:03:08.600	118.7	74.4	31.7	118.7	0.0	0.0	0.0	0.000	0.000	0.000	0.0	0.0		15:17:55:969		
000:03:08.800	118.6	74.4	31.7	118.6	0.0	0.0	0.0	0.000	0.000	0.000	0.0	0.0		15:17:56:169		
000:03:09.000	118.5	74.4	31.7	118.5	0.0	0.0	0.0	0.000	0.000	0.000	0.0	0.0		15:17:56:369		
000:03:09.200	118.3	74.4	31.7	118.3	0.0	0.0	0.0	0.000	0.000	0.000	0.0	0.0		15:17:56:569		
000:03:09.400	118.1	74.4	31.7	118.2	0.0	0.0	0.0	0.000	0.000	0.000	0.0	0.0		15:17:56:769		
000:03:09.600	118.1	74.4	31.7	118.1	0.0	0.0	0.0	0.000	0.000	0.000	0.0	0.0		15:17:56:969		
000:03:09.800	118.1	74.4	31.7	118.1	0.0	0.0	0.0	0.000	0.000	0.000	0.0	0.0		15:17:57:169		
000:03:10.000	117.8	74.4	31.7	117.8	0.0	0.0	0.0	0.000	0.000	0.000	0.0	0.0		15:17:57:369		
000:03:10.200	117.7	74.4	31.7	117.7	0.0	0.0	0.0	0.000	0.000	0.000	0.0	0.0		15:17:57:569		
000:03:10.400	117.6	74.4	31.7	117.6	0.0	0.0	0.0	0.000	0.000	0.000	0.0	0.0		15:17:57:769		
---------------------------------
End of File
