[Connect DataFile][2.1]
Date:	4/23/2022
Time:	11:38:10
Unit:	°C
Resolution:	0.200/0.100
Values:	12
SnapshotTrigger:	0	0.0
MeasurementTrigger:	0	0.0
Time	TProc	TInt	TBox	TAvg	T_2C	T_1C	Attenuation	Eps.	Value	Vcc	TAmb	TAct	CompressionIdx	Time absolute	ImageIdx	ImageValue
000:00:00.000	96.8	83.8	24.4	96.8	0.0	0.0	0.0	0.000	0.000	0.000	0.0	0.0		11:38:10:174		
000:00:00.200	96.8	83.8	24.4	96.8	0.0	0.0	0.0	0.000	0.000	0.000	0.0	0.0		11:38:10:374		
000:00:00.400	96.8	83.8	24.4	96.8	0.0	0.0	0.0	0.000	0.000	0.000	0.0	0.0		11:38:10:574		
000:00:00.600	96.8	83.8	24.4	96.8	0.0	0.0	0.0	0.000	0.000	0.000	0.0	0.0		11:38:10:774		
000:00:00.800	96.8	83.7	24.4	96.8	0.0	0.0	0.0	0.000	0.000	0.000	0.0	0.0		11:38:10:974		
000:00:01.000	96.8	83.7	24.4	96.8	0.0	0.0	0.0	0.000	0.000	0.000	0.0	0.0		11:38:11:174		
000:00:01.200	96.7	83.7	24.4	96.7	0.0	0.0	0.0	0.000	0.000	0.000	0.0	0.0		11:38:11:374		
000:00:01.400	96.7	83.7	24.4	96.7	0.0	0.0	0.0	0.000	0.000	0.000	0.0	0.0		11:38:11:574		
000:00:01.600	96.6	83.7	24.4	96.6	0.0	0.0	0.0	0.000	0.000	0.000	0.0	0.0		11:38:11:774		
000:00:01.800	96.3	83.8	24.4	96.3	0.0	0.0	0.0	0.000	0.000	0.000	0.0	0.0		11:38:11:974		
000:00:02.000	96.1	83.8	24.4	96.0	0.0	0.0	0.0	0.000	0.000	0.000	0.0	0.0		11:38:12:174		
000:00:02.200	95.2	83.8	24.4	95.0	0.0	0.0	0.0	0.000	0.000	0.000	0.0	0.0		11:38:12:374		
000:00:02.400	95.2	83.8	24.4	95.1	0.0	0.0	0.0	0.000	0.000	0.000	0.0	0.0		11:38:12:574		
000:00:02.600	95.2	83.8	24.4	95.2	0.0	0.0	0.0	0.000	0.000	0.000	0.0	0.0		11:38:12:774		
000:00:02.800	96.1	83.8	24.4	96.2	0.0	0.0	0.0	0.000	0.000	0.000	0.0	0.0		11:38:12:974		
000:00:03.000	96.4	83.8	24.4	96.4	0.0	0.0	0.0	0.000	0.000	0.000	0.0	0.0		11:38:13:174		
000:00:03.200	96.7	83.8	24.4	96.7	0.0	0.0	0.0	0.000	0.000	0.000	0.0	0.0		11:38:13:374		
000:00:03.400	96.8	83.8	24.4	96.8	0.0	0.0	0.0	0.000	0.000	0.000	0.0	0.0		11:38:13:574		
000:00:03.600	96.8	83.8	24.4	96.8	0.0	0.0	0.0	0.000	0.000	0.000	0.0	0.0		11:38:13:774		
000:00:03.800	96.8	83.8	24.4	96.8	0.0	0.0	0.0	0.000	0.000	0.000	0.0	0.0		11:38:13:974		
000:00:04.000	96.8	83.8	24.4	96.8	0.0	0.0	0.0	0.000	0.000	0.000	0.0	0.0		11:38:14:174		
000:00:04.200	96.7	83.8	24.4	96.7	0.0	0.0	0.0	0.000	0.000	0.000	0.0	0.0		11:38:14:374		
000:00:04.400	96.6	83.8	24.4	96.6	0.0	0.0	0.0	0.000	0.000	0.000	0.0	0.0		11:38:14:574		
000:00:04.600	95.9	83.8	24.4	95.7	0.0	0.0	0.0	0.000	0.000	0.000	0.0	0.0		11:38:14:774		
000:00:04.800	94.8	83.8	24.4	94.7	0.0	0.0	0.0	0.000	0.000	0.000	0.0	0.0		11:38:14:974		
000:00:05.000	94.9	83.8	24.4	94.8	0.0	0.0	0.0	0.000	0.000	0.000	0.0	0.0		11:38:15:174		
000:00:05.200	94.9	83.8	24.4	95.0	0.0	0.0	0.0	0.000	0.000	0.000	0.0	0.0		11:38:15:374		
000:00:05.400	95.8	83.8	24.4	95.9	0.0	0.0	0.0	0.000	0.000	0.000	0.0	0.0		11:38:15:574		
000:00:05.600	96.3	83.8	24.4	96.3	0.0	0.0	0.0	0.000	0.000	0.000	0.0	0.0		11:38:15:774		
000:00:05.800	96.7	83.8	24.4	96.7	0.0	0.0	0.0	0.000	0.000	0.000	0.0	0.0		11:38:15:974		
000:00:06.000	96.8	83.8	24.4	96.8	0.0	0.0	0.0	0.000	0.000	0.000	0.0	0.0		11:38:16:174		
000:00:06.200	96.8	83.8	24.4	96.8	0.0	0.0	0.0	0.000	0.000	0.000	0.0	0.0		11:38:16:374		
000:00:06.400	96.8	83.8	24.4	96.8	0.0	0.0	0.0	0.000	0.000	0.000	0.0	0.0		11:38:16:574		
000:00:06.600	96.7	83.8	24.4	96.6	0.0	0.0	0.0	0.000	0.000	0.000	0.0	0.0		11:38:16:774		
000:00:06.800	96.5	83.8	24.4	96.3	0.0	0.0	0.0	0.000	0.000	0.000	0.0	0.0		11:38:16:974		
000:00:07.000	95.8	83.8	24.4	95.7	0.0	0.0	0.0	0.000	0.000	0.000	0.0	0.0		11:38:17:174		
000:00:07.200	95.2	83.8	24.4	95.2	0.0	0.0	0.0	0.000	0.000	0.000	0.0	0.0		11:38:17:374		
000:00:07.400	95.6	83.8	24.4	95.6	0.0	0.0	0.0	0.000	0.000	0.000	0.0	0.0		11:38:17:574		
000:00:07.600	96.0	83.8	24.4	96.0	0.0	0.0	0.0	0.000	0.000	0.000	0.0	0.0		11:38:17:774		
000:00:07.800	95.4	83.8	24.4	95.3	0.0	0.0	0.0	0.000	0.000	0.000	0.0	0.0		11:38:17:974		
000:00:08.000	95.6	83.8	24.4	95.6	0.0	0.0	0.0	0.000	0.000	0.000	0.0	0.0		11:38:18:174		
000:00:08.200	95.7	83.8	24.4	95.8	0.0	0.0	0.0	0.000	0.000	0.000	0.0	0.0		11:38:18:374		
000:00:08.400	96.3	83.8	24.4	96.4	0.0	0.0	0.0	0.000	0.000	0.000	0.0	0.0		11:38:18:574		
000:00:08.600	96.1	83.8	24.4	96.2	0.0	0.0	0.0	0.000	0.000	0.000	0.0	0.0		11:38:18:774		
000:00:08.800	95.9	83.8	24.4	95.9	0.0	0.0	0.0	0.000	0.000	0.000	0.0	0.0		11:38:18:974		
000:00:09.000	96.3	83.8	24.4	96.3	0.0	0.0	0.0	0.000	0.000	0.000	0.0	0.0		11:38:19:174		
000:00:09.200	96.5	83.8	24.4	96.5	0.0	0.0	0.0	0.000	0.000	0.000	0.0	0.0		11:38:19:374		
000:00:09.400	96.7	83.8	24.4	96.6	0.0	0.0	0.0	0.000	0.000	0.000	0.0	0.0		11:38:19:574		
000:00:09.600	96.3	83.8	24.4	96.3	0.0	0.0	0.0	0.000	0.000	0.000	0.0	0.0		11:38:19:774		
000:00:09.800	96.5	83.8	24.4	96.5	0.0	0.0	0.0	0.000	0.000	0.000	0.0	0.0		11:38:19:974		
000:00:10.000	96.7	83.8	24.4	96.7	0.0	0.0	0.0	0.000	0.000	0.000	0.0	0.0		11:38:20:174		
000:00:10.200	96.8	83.8	24.4	96.8	0.0	0.0	0.0	0.000	0.000	0.000	0.0	0.0		11:38:20:374		
000:00:10.400	96.8	83.8	24.4	96.8	0.0	0.0	0.0	0.000	0.000	0.000	0.0	0.0		11:38:20:574		
000:00:10.600	96.7	83.8	24.4	96.7	0.0	0.0	0.0	0.000	0.000	0.000	0.0	0.0		11:38:20:774		
000:00:10.800	96.8	83.8	24.4	96.8	0.0	0.0	0.0	0.000	0.000	0.000	0.0	0.0		11:38:20:974		
000:00:11.000	96.8	83.8	24.4	96.8	0.0	0.0	0.0	0.000	0.000	0.000	0.0	0.0		11:38:21:174		
000:00:11.200	96.8	83.8	24.4	96.8	0.0	0.0	0.0	0.000	0.000	0.000	0.0	0.0		11:38:21:374		
000:00:11.400	96.8	83.8	24.4	96.8	0.0	0.0	0.0	0.000	0.000	0.000	0.0	0.0		11:38:21:574		
000:00:11.600	96.8	83.8	24.4	96.8	0.0	0.0	0.0	0.000	0.000	0.000	0.0	0.0		11:38:21:774		
000:00:11.800	96.8	83.8	24.4	96.8	0.0	0.0	0.0	0.000	0.000	0.000	0.0	0.0		11:38:21:974		
000:00:12.000	96.8	83.8	24.4	96.8	0.0	0.0	0.0	0.000	0.000	0.000	0.0	0.0		11:38:22:174		
000:00:12.200	96.8	83.8	24.4	96.8	0.0	0.0	0.0	0.000	0.000	0.000	0.0	0.0		11:38:22:374		
000:00:12.400	96.7	83.8	24.4	96.7	0.0	0.0	0.0	0.000	0.000	0.000	0.0	0.0		11:38:22:574		
000:00:12.600	96.3	83.8	24.4	96.3	0.0	0.0	0.0	0.000	0.000	0.000	0.0	0.0		11:38:22:774		
000:00:12.800	95.8	83.8	24.4	95.8	0.0	0.0	0.0	0.000	0.000	0.000	0.0	0.0		11:38:22:974		
000:00:13.000	95.2	83.8	24.4	95.2	0.0	0.0	0.0	0.000	0.000	0.000	0.0	0.0		11:38:23:174		
000:00:13.200	95.0	83.8	24.4	95.1	0.0	0.0	0.0	0.000	0.000	0.000	0.0	0.0		11:38:23:374		
000:00:13.400	96.0	83.8	24.4	96.0	0.0	0.0	0.0	0.000	0.000	0.000	0.0	0.0		11:38:23:574		
000:00:13.600	96.3	83.8	24.4	96.3	0.0	0.0	0.0	0.000	0.000	0.000	0.0	0.0		11:38:23:774		
000:00:13.800	96.6	83.8	24.4	96.7	0.0	0.0	0.0	0.000	0.000	0.000	0.0	0.0		11:38:23:974		
000:00:14.000	96.8	83.8	24.4	96.8	0.0	0.0	0.0	0.000	0.000	0.000	0.0	0.0		11:38:24:174		
000:00:14.200	96.8	83.8	24.4	96.8	0.0	0.0	0.0	0.000	0.000	0.000	0.0	0.0		11:38:24:374		
000:00:14.400	96.8	83.8	24.4	96.8	0.0	0.0	0.0	0.000	0.000	0.000	0.0	0.0		11:38:24:574		
000:00:14.600	96.8	83.8	24.4	96.8	0.0	0.0	0.0	0.000	0.000	0.000	0.0	0.0		11:38:24:774		
000:00:14.800	96.8	83.8	24.4	96.7	0.0	0.0	0.0	0.000	0.000	0.000	0.0	0.0		11:38:24:974		
000:00:15.000	96.7	83.8	24.4	96.6	0.0	0.0	0.0	0.000	0.000	0.000	0.0	0.0		11:38:25:174		
000:00:15.200	96.0	83.8	24.4	96.0	0.0	0.0	0.0	0.000	0.000	0.000	0.0	0.0		11:38:25:374		
000:00:15.400	95.0	83.8	24.4	94.9	0.0	0.0	0.0	0.000	0.000	0.000	0.0	0.0		11:38:25:574		
000:00:15.600	94.8	83.8	24.4	94.8	0.0	0.0	0.0	0.000	0.000	0.000	0.0	0.0		11:38:25:774		
000:00:15.800	94.6	83.8	24.4	94.7	0.0	0.0	0.0	0.000	0.000	0.000	0.0	0.0		11:38:25:974		
000:00:16.000	95.6	83.8	24.4	95.6	0.0	0.0	0.0	0.000	0.000	0.000	0.0	0.0		11:38:26:174		
000:00:16.200	96.0	83.8	24.4	96.1	0.0	0.0	0.0	0.000	0.000	0.000	0.0	0.0		11:38:26:374		
000:00:16.400	96.4	83.8	24.4	96.5	0.0	0.0	0.0	0.000	0.000	0.000	0.0	0.0		11:38:26:574		
000:00:16.600	96.8	83.8	24.4	96.8	0.0	0.0	0.0	0.000	0.000	0.000	0.0	0.0		11:38:26:774		
000:00:16.800	96.8	83.8	24.4	96.8	0.0	0.0	0.0	0.000	0.000	0.000	0.0	0.0		11:38:26:974		
000:00:17.000	96.8	83.8	24.4	96.8	0.0	0.0	0.0	0.000	0.000	0.000	0.0	0.0		11:38:27:174		
000:00:17.200	96.8	83.8	24.4	96.8	0.0	0.0	0.0	0.000	0.000	0.000	0.0	0.0		11:38:27:374		
000:00:17.400	96.0	83.8	24.4	95.9	0.0	0.0	0.0	0.000	0.000	0.000	0.0	0.0		11:38:27:574		
000:00:17.600	95.1	83.8	24.4	95.0	0.0	0.0	0.0	0.000	0.000	0.000	0.0	0.0		11:38:27:774		
000:00:17.800	95.1	83.8	24.4	95.1	0.0	0.0	0.0	0.000	0.000	0.000	0.0	0.0		11:38:27:974		
000:00:18.000	95.3	83.8	24.4	95.2	0.0	0.0	0.0	0.000	0.000	0.000	0.0	0.0		11:38:28:174		
000:00:18.200	95.4	83.8	24.4	95.3	0.0	0.0	0.0	0.000	0.000	0.000	0.0	0.0		11:38:28:374		
000:00:18.400	95.5	83.8	24.4	95.5	0.0	0.0	0.0	0.000	0.000	0.000	0.0	0.0		11:38:28:574		
000:00:18.600	95.8	83.8	24.4	95.8	0.0	0.0	0.0	0.000	0.000	0.000	0.0	0.0		11:38:28:774		
000:00:18.800	96.2	83.8	24.4	96.2	0.0	0.0	0.0	0.000	0.000	0.000	0.0	0.0		11:38:28:974		
000:00:19.000	95.7	83.8	24.4	95.7	0.0	0.0	0.0	0.000	0.000	0.000	0.0	0.0		11:38:29:174		
000:00:19.200	95.8	83.8	24.4	95.9	0.0	0.0	0.0	0.000	0.000	0.000	0.0	0.0		11:38:29:374		
000:00:19.400	96.0	83.8	24.4	96.1	0.0	0.0	0.0	0.000	0.000	0.000	0.0	0.0		11:38:29:574		
000:00:19.600	96.5	83.8	24.4	96.4	0.0	0.0	0.0	0.000	0.000	0.000	0.0	0.0		11:38:29:774		
000:00:19.800	96.3	83.8	24.4	96.3	0.0	0.0	0.0	0.000	0.000	0.000	0.0	0.0		11:38:29:974		
000:00:20.000	96.4	83.9	24.4	96.4	0.0	0.0	0.0	0.000	0.000	0.000	0.0	0.0		11:38:30:174		
000:00:20.200	96.4	83.9	24.4	96.5	0.0	0.0	0.0	0.000	0.000	0.000	0.0	0.0		11:38:30:374		
000:00:20.400	96.5	83.9	24.4	96.6	0.0	0.0	0.0	0.000	0.000	0.000	0.0	0.0		11:38:30:574		
000:00:20.600	96.7	83.9	24.4	96.7	0.0	0.0	0.0	0.000	0.000	0.000	0.0	0.0		11:38:30:774		
000:00:20.800	96.7	83.9	24.4	96.7	0.0	0.0	0.0	0.000	0.000	0.000	0.0	0.0		11:38:30:974		
000:00:21.000	96.7	83.9	24.4	96.7	0.0	0.0	0.0	0.000	0.000	0.000	0.0	0.0		11:38:31:174		
000:00:21.200	96.7	83.9	24.4	96.7	0.0	0.0	0.0	0.000	0.000	0.000	0.0	0.0		11:38:31:374		
000:00:21.400	96.8	83.9	24.4	96.7	0.0	0.0	0.0	0.000	0.000	0.000	0.0	0.0		11:38:31:574		
000:00:21.600	96.8	83.9	24.4	96.8	0.0	0.0	0.0	0.000	0.000	0.000	0.0	0.0		11:38:31:774		
000:00:21.800	96.8	83.9	24.4	96.8	0.0	0.0	0.0	0.000	0.000	0.000	0.0	0.0		11:38:31:974		
000:00:22.000	96.8	83.9	24.4	96.8	0.0	0.0	0.0	0.000	0.000	0.000	0.0	0.0		11:38:32:174		
000:00:22.200	96.8	83.9	24.4	96.8	0.0	0.0	0.0	0.000	0.000	0.000	0.0	0.0		11:38:32:374		
000:00:22.400	96.8	83.9	24.4	96.9	0.0	0.0	0.0	0.000	0.000	0.000	0.0	0.0		11:38:32:574		
000:00:22.600	96.8	83.9	24.4	96.9	0.0	0.0	0.0	0.000	0.000	0.000	0.0	0.0		11:38:32:774		
000:00:22.800	96.8	83.9	24.4	96.8	0.0	0.0	0.0	0.000	0.000	0.000	0.0	0.0		11:38:32:974		
000:00:23.000	96.7	83.9	24.4	96.7	0.0	0.0	0.0	0.000	0.000	0.000	0.0	0.0		11:38:33:174		
000:00:23.200	96.6	83.9	24.4	96.6	0.0	0.0	0.0	0.000	0.000	0.000	0.0	0.0		11:38:33:374		
000:00:23.400	96.0	83.9	24.4	95.8	0.0	0.0	0.0	0.000	0.000	0.000	0.0	0.0		11:38:33:574		
000:00:23.600	95.5	83.9	24.4	95.3	0.0	0.0	0.0	0.000	0.000	0.000	0.0	0.0		11:38:33:774		
000:00:23.800	94.9	83.9	24.4	94.9	0.0	0.0	0.0	0.000	0.000	0.000	0.0	0.0		11:38:33:974		
000:00:24.000	95.4	83.9	24.4	95.5	0.0	0.0	0.0	0.000	0.000	0.000	0.0	0.0		11:38:34:174		
000:00:24.200	95.9	83.9	24.4	95.9	0.0	0.0	0.0	0.000	0.000	0.000	0.0	0.0		11:38:34:374		
000:00:24.400	96.3	83.9	24.4	96.4	0.0	0.0	0.0	0.000	0.000	0.000	0.0	0.0		11:38:34:574		
000:00:24.600	96.7	83.9	24.4	96.7	0.0	0.0	0.0	0.000	0.000	0.000	0.0	0.0		11:38:34:774		
000:00:24.800	96.8	83.9	24.4	96.7	0.0	0.0	0.0	0.000	0.000	0.000	0.0	0.0		11:38:34:974		
000:00:25.000	96.8	83.9	24.4	96.7	0.0	0.0	0.0	0.000	0.000	0.000	0.0	0.0		11:38:35:174		
000:00:25.200	96.7	83.9	24.4	96.7	0.0	0.0	0.0	0.000	0.000	0.000	0.0	0.0		11:38:35:374		
000:00:25.400	96.7	83.9	24.4	96.7	0.0	0.0	0.0	0.000	0.000	0.000	0.0	0.0		11:38:35:574		
000:00:25.600	96.6	83.9	24.4	96.5	0.0	0.0	0.0	0.000	0.000	0.000	0.0	0.0		11:38:35:774		
000:00:25.800	96.4	83.9	24.4	96.3	0.0	0.0	0.0	0.000	0.000	0.000	0.0	0.0		11:38:35:974		
000:00:26.000	95.5	83.9	24.4	95.4	0.0	0.0	0.0	0.000	0.000	0.000	0.0	0.0		11:38:36:174		
000:00:26.200	95.0	83.9	24.4	94.9	0.0	0.0	0.0	0.000	0.000	0.000	0.0	0.0		11:38:36:374		
000:00:26.400	94.4	83.9	24.4	94.5	0.0	0.0	0.0	0.000	0.000	0.000	0.0	0.0		11:38:36:574		
000:00:26.600	95.0	83.9	24.4	95.1	0.0	0.0	0.0	0.000	0.000	0.000	0.0	0.0		11:38:36:774		
000:00:26.800	95.5	83.9	24.4	95.6	0.0	0.0	0.0	0.000	0.000	0.000	0.0	0.0		11:38:36:974		
000:00:27.000	96.0	83.9	24.4	96.1	0.0	0.0	0.0	0.000	0.000	0.000	0.0	0.0		11:38:37:174		
000:00:27.200	96.6	83.9	24.4	96.7	0.0	0.0	0.0	0.000	0.000	0.000	0.0	0.0		11:38:37:374		
000:00:27.400	96.6	83.9	24.4	96.8	0.0	0.0	0.0	0.000	0.000	0.000	0.0	0.0		11:38:37:574		
000:00:27.600	96.7	83.9	24.4	96.8	0.0	0.0	0.0	0.000	0.000	0.000	0.0	0.0		11:38:37:774		
000:00:27.800	96.8	83.9	24.4	96.7	0.0	0.0	0.0	0.000	0.000	0.000	0.0	0.0		11:38:37:974		
000:00:28.000	96.4	83.9	24.4	96.4	0.0	0.0	0.0	0.000	0.000	0.000	0.0	0.0		11:38:38:174		
000:00:28.200	96.1	83.9	24.4	96.0	0.0	0.0	0.0	0.000	0.000	0.000	0.0	0.0		11:38:38:374		
000:00:28.400	95.6	83.9	24.4	95.6	0.0	0.0	0.0	0.000	0.000	0.000	0.0	0.0		11:38:38:574		
000:00:28.600	95.4	83.9	24.4	95.4	0.0	0.0	0.0	0.000	0.000	0.000	0.0	0.0		11:38:38:774		
000:00:28.800	95.1	83.9	24.4	95.1	0.0	0.0	0.0	0.000	0.000	0.000	0.0	0.0		11:38:38:974		
000:00:29.000	96.0	83.9	24.4	96.0	0.0	0.0	0.0	0.000	0.000	0.000	0.0	0.0		11:38:39:174		
000:00:29.200	95.5	83.9	24.4	95.5	0.0	0.0	0.0	0.000	0.000	0.000	0.0	0.0		11:38:39:374		
000:00:29.400	95.1	83.9	24.4	95.1	0.0	0.0	0.0	0.000	0.000	0.000	0.0	0.0		11:38:39:574		
000:00:29.600	95.8	83.9	24.4	96.0	0.0	0.0	0.0	0.000	0.000	0.000	0.0	0.0		11:38:39:774		
000:00:29.800	96.1	83.9	24.4	96.2	0.0	0.0	0.0	0.000	0.000	0.000	0.0	0.0		11:38:39:974		
000:00:30.000	96.4	83.9	24.4	96.3	0.0	0.0	0.0	0.000	0.000	0.000	0.0	0.0		11:38:40:174		
000:00:30.200	95.9	83.9	24.4	96.0	0.0	0.0	0.0	0.000	0.000	0.000	0.0	0.0		11:38:40:374		
000:00:30.400	96.2	83.9	24.4	96.3	0.0	0.0	0.0	0.000	0.000	0.000	0.0	0.0		11:38:40:574		
000:00:30.600	96.5	83.9	24.4	96.5	0.0	0.0	0.0	0.000	0.000	0.000	0.0	0.0		11:38:40:774		
000:00:30.800	96.6	83.9	24.4	96.6	0.0	0.0	0.0	0.000	0.000	0.000	0.0	0.0		11:38:40:974		
000:00:31.000	96.5	83.9	24.4	96.5	0.0	0.0	0.0	0.000	0.000	0.000	0.0	0.0		11:38:41:174		
000:00:31.200	96.4	83.9	24.4	96.4	0.0	0.0	0.0	0.000	0.000	0.000	0.0	0.0		11:38:41:374		
000:00:31.400	96.7	83.9	24.4	96.7	0.0	0.0	0.0	0.000	0.000	0.000	0.0	0.0		11:38:41:574		
000:00:31.600	96.7	83.9	24.4	96.7	0.0	0.0	0.0	0.000	0.000	0.000	0.0	0.0		11:38:41:774		
000:00:31.800	96.7	83.9	24.4	96.7	0.0	0.0	0.0	0.000	0.000	0.000	0.0	0.0		11:38:41:974		
000:00:32.000	96.7	83.9	24.4	96.7	0.0	0.0	0.0	0.000	0.000	0.000	0.0	0.0		11:38:42:174		
000:00:32.200	96.7	83.9	24.4	96.7	0.0	0.0	0.0	0.000	0.000	0.000	0.0	0.0		11:38:42:374		
000:00:32.400	96.7	83.9	24.4	96.7	0.0	0.0	0.0	0.000	0.000	0.000	0.0	0.0		11:38:42:574		
000:00:32.600	96.7	83.9	24.4	96.7	0.0	0.0	0.0	0.000	0.000	0.000	0.0	0.0		11:38:42:774		
000:00:32.800	96.7	83.9	24.4	96.7	0.0	0.0	0.0	0.000	0.000	0.000	0.0	0.0		11:38:42:974		
000:00:33.000	96.7	83.9	24.4	96.7	0.0	0.0	0.0	0.000	0.000	0.000	0.0	0.0		11:38:43:174		
000:00:33.200	96.8	83.9	24.4	96.7	0.0	0.0	0.0	0.000	0.000	0.000	0.0	0.0		11:38:43:374		
000:00:33.400	96.8	83.9	24.4	96.7	0.0	0.0	0.0	0.000	0.000	0.000	0.0	0.0		11:38:43:574		
000:00:33.600	96.7	83.9	24.4	96.7	0.0	0.0	0.0	0.000	0.000	0.000	0.0	0.0		11:38:43:774		
000:00:33.800	96.4	83.9	24.4	96.4	0.0	0.0	0.0	0.000	0.000	0.000	0.0	0.0		11:38:43:974		
000:00:34.000	96.2	83.9	24.4	96.2	0.0	0.0	0.0	0.000	0.000	0.000	0.0	0.0		11:38:44:174		
000:00:34.200	95.3	83.9	24.4	95.1	0.0	0.0	0.0	0.000	0.000	0.000	0.0	0.0		11:38:44:374		
000:00:34.400	95.1	83.9	24.4	95.0	0.0	0.0	0.0	0.000	0.000	0.000	0.0	0.0		11:38:44:574		
000:00:34.600	94.8	83.9	24.4	94.9	0.0	0.0	0.0	0.000	0.000	0.000	0.0	0.0		11:38:44:774		
000:00:34.800	95.8	83.9	24.4	95.9	0.0	0.0	0.0	0.000	0.000	0.000	0.0	0.0		11:38:44:974		
000:00:35.000	96.2	83.9	24.4	96.3	0.0	0.0	0.0	0.000	0.000	0.000	0.0	0.0		11:38:45:174		
000:00:35.200	96.6	83.9	24.4	96.6	0.0	0.0	0.0	0.000	0.000	0.000	0.0	0.0		11:38:45:374		
000:00:35.400	96.7	83.9	24.4	96.7	0.0	0.0	0.0	0.000	0.000	0.000	0.0	0.0		11:38:45:574		
000:00:35.600	96.7	83.9	24.4	96.7	0.0	0.0	0.0	0.000	0.000	0.000	0.0	0.0		11:38:45:774		
000:00:35.800	96.7	83.9	24.4	96.7	0.0	0.0	0.0	0.000	0.000	0.000	0.0	0.0		11:38:45:974		
000:00:36.000	96.7	83.9	24.4	96.7	0.0	0.0	0.0	0.000	0.000	0.000	0.0	0.0		11:38:46:174		
000:00:36.200	96.6	83.9	24.4	96.6	0.0	0.0	0.0	0.000	0.000	0.000	0.0	0.0		11:38:46:374		
000:00:36.400	96.4	83.9	24.4	96.4	0.0	0.0	0.0	0.000	0.000	0.000	0.0	0.0		11:38:46:574		
000:00:36.600	95.6	83.9	24.4	95.5	0.0	0.0	0.0	0.000	0.000	0.000	0.0	0.0		11:38:46:774		
000:00:36.800	95.1	83.9	24.4	94.9	0.0	0.0	0.0	0.000	0.000	0.000	0.0	0.0		11:38:46:974		
000:00:37.000	94.5	83.9	24.4	94.4	0.0	0.0	0.0	0.000	0.000	0.000	0.0	0.0		11:38:47:174		
000:00:37.200	94.9	83.9	24.4	95.0	0.0	0.0	0.0	0.000	0.000	0.000	0.0	0.0		11:38:47:374		
000:00:37.400	95.4	83.9	24.4	95.6	0.0	0.0	0.0	0.000	0.000	0.000	0.0	0.0		11:38:47:574		
000:00:37.600	95.9	83.9	24.4	96.1	0.0	0.0	0.0	0.000	0.000	0.000	0.0	0.0		11:38:47:774		
000:00:37.800	96.3	83.9	24.4	96.4	0.0	0.0	0.0	0.000	0.000	0.000	0.0	0.0		11:38:47:974		
000:00:38.000	96.6	83.9	24.4	96.7	0.0	0.0	0.0	0.000	0.000	0.000	0.0	0.0		11:38:48:174		
000:00:38.200	96.7	83.9	24.4	96.7	0.0	0.0	0.0	0.000	0.000	0.000	0.0	0.0		11:38:48:374		
000:00:38.400	96.7	83.9	24.4	96.7	0.0	0.0	0.0	0.000	0.000	0.000	0.0	0.0		11:38:48:574		
000:00:38.600	96.7	83.9	24.4	96.7	0.0	0.0	0.0	0.000	0.000	0.000	0.0	0.0		11:38:48:774		
000:00:38.800	95.7	83.9	24.4	95.5	0.0	0.0	0.0	0.000	0.000	0.000	0.0	0.0		11:38:48:974		
000:00:39.000	94.9	83.9	24.4	94.9	0.0	0.0	0.0	0.000	0.000	0.000	0.0	0.0		11:38:49:174		
000:00:39.200	95.2	83.9	24.4	95.1	0.0	0.0	0.0	0.000	0.000	0.000	0.0	0.0		11:38:49:374		
000:00:39.400	95.4	83.9	24.4	95.3	0.0	0.0	0.0	0.000	0.000	0.000	0.0	0.0		11:38:49:574		
000:00:39.600	95.1	83.9	24.4	95.2	0.0	0.0	0.0	0.000	0.000	0.000	0.0	0.0		11:38:49:774		
000:00:39.800	95.4	83.9	24.4	95.6	0.0	0.0	0.0	0.000	0.000	0.000	0.0	0.0		11:38:49:974		
000:00:40.000	95.8	83.9	24.4	95.9	0.0	0.0	0.0	0.000	0.000	0.000	0.0	0.0		11:38:50:174		
000:00:40.200	95.8	83.9	24.4	95.8	0.0	0.0	0.0	0.000	0.000	0.000	0.0	0.0		11:38:50:374		
000:00:40.400	95.8	83.9	24.4	95.7	0.0	0.0	0.0	0.000	0.000	0.000	0.0	0.0		11:38:50:574		
000:00:40.600	95.9	83.9	24.4	95.9	0.0	0.0	0.0	0.000	0.000	0.000	0.0	0.0		11:38:50:774		
000:00:40.800	96.2	83.9	24.4	96.2	0.0	0.0	0.0	0.000	0.000	0.000	0.0	0.0		11:38:50:974		
000:00:41.000	96.4	83.9	24.4	96.4	0.0	0.0	0.0	0.000	0.000	0.000	0.0	0.0		11:38:51:174		
000:00:41.200	96.2	83.9	24.4	96.1	0.0	0.0	0.0	0.000	0.000	0.000	0.0	0.0		11:38:51:374		
000:00:41.400	96.3	83.9	24.4	96.3	0.0	0.0	0.0	0.000	0.000	0.000	0.0	0.0		11:38:51:574		
000:00:41.600	96.4	83.9	24.4	96.4	0.0	0.0	0.0	0.000	0.000	0.000	0.0	0.0		11:38:51:774		
000:00:41.800	96.7	83.9	24.4	96.7	0.0	0.0	0.0	0.000	0.000	0.000	0.0	0.0		11:38:51:974		
000:00:42.000	96.7	83.9	24.4	96.6	0.0	0.0	0.0	0.000	0.000	0.000	0.0	0.0		11:38:52:174		
000:00:42.200	96.6	83.9	24.4	96.5	0.0	0.0	0.0	0.000	0.000	0.000	0.0	0.0		11:38:52:374		
000:00:42.400	96.7	83.9	24.4	96.7	0.0	0.0	0.0	0.000	0.000	0.000	0.0	0.0		11:38:52:574		
000:00:42.600	96.7	83.9	24.4	96.7	0.0	0.0	0.0	0.000	0.000	0.000	0.0	0.0		11:38:52:774		
000:00:42.800	96.7	83.9	24.4	96.7	0.0	0.0	0.0	0.000	0.000	0.000	0.0	0.0		11:38:52:974		
000:00:43.000	96.7	83.9	24.4	96.7	0.0	0.0	0.0	0.000	0.000	0.000	0.0	0.0		11:38:53:174		
000:00:43.200	96.7	83.9	24.4	96.7	0.0	0.0	0.0	0.000	0.000	0.000	0.0	0.0		11:38:53:374		
000:00:43.400	96.7	83.9	24.4	96.7	0.0	0.0	0.0	0.000	0.000	0.000	0.0	0.0		11:38:53:574		
000:00:43.600	96.7	83.9	24.4	96.7	0.0	0.0	0.0	0.000	0.000	0.000	0.0	0.0		11:38:53:774		
000:00:43.800	96.7	83.9	24.4	96.7	0.0	0.0	0.0	0.000	0.000	0.000	0.0	0.0		11:38:53:974		
000:00:44.000	96.7	83.9	24.4	96.7	0.0	0.0	0.0	0.000	0.000	0.000	0.0	0.0		11:38:54:174		
000:00:44.200	96.7	83.9	24.4	96.7	0.0	0.0	0.0	0.000	0.000	0.000	0.0	0.0		11:38:54:374		
000:00:44.400	96.5	84.0	24.4	96.5	0.0	0.0	0.0	0.000	0.000	0.000	0.0	0.0		11:38:54:574		
000:00:44.600	96.3	84.0	24.4	96.2	0.0	0.0	0.0	0.000	0.000	0.000	0.0	0.0		11:38:54:774		
000:00:44.800	96.0	84.0	24.4	95.9	0.0	0.0	0.0	0.000	0.000	0.000	0.0	0.0		11:38:54:974		
000:00:45.000	94.9	84.0	24.4	94.9	0.0	0.0	0.0	0.000	0.000	0.000	0.0	0.0		11:38:55:174		
000:00:45.200	95.1	84.0	24.4	95.1	0.0	0.0	0.0	0.000	0.000	0.000	0.0	0.0		11:38:55:374		
000:00:45.400	95.2	84.0	24.4	95.3	0.0	0.0	0.0	0.000	0.000	0.000	0.0	0.0		11:38:55:574		
000:00:45.600	96.3	84.0	24.4	96.3	0.0	0.0	0.0	0.000	0.000	0.000	0.0	0.0		11:38:55:774		
000:00:45.800	96.5	84.0	24.4	96.6	0.0	0.0	0.0	0.000	0.000	0.000	0.0	0.0		11:38:55:974		
000:00:46.000	96.7	84.0	24.4	96.8	0.0	0.0	0.0	0.000	0.000	0.000	0.0	0.0		11:38:56:174		
000:00:46.200	96.8	84.0	24.4	96.8	0.0	0.0	0.0	0.000	0.000	0.000	0.0	0.0		11:38:56:374		
000:00:46.400	96.8	84.0	24.4	96.8	0.0	0.0	0.0	0.000	0.000	0.000	0.0	0.0		11:38:56:574		
000:00:46.600	96.8	84.0	24.4	96.8	0.0	0.0	0.0	0.000	0.000	0.000	0.0	0.0		11:38:56:774		
000:00:46.800	96.7	84.0	24.4	96.8	0.0	0.0	0.0	0.000	0.000	0.000	0.0	0.0		11:38:56:974		
000:00:47.000	96.5	84.0	24.4	96.5	0.0	0.0	0.0	0.000	0.000	0.000	0.0	0.0		11:38:57:174		
000:00:47.200	96.3	84.0	24.4	96.2	0.0	0.0	0.0	0.000	0.000	0.000	0.0	0.0		11:38:57:374		
000:00:47.400	95.2	84.0	24.4	95.1	0.0	0.0	0.0	0.000	0.000	0.000	0.0	0.0		11:38:57:574		
000:00:47.600	94.8	84.0	24.4	94.8	0.0	0.0	0.0	0.000	0.000	0.000	0.0	0.0		11:38:57:774		
000:00:47.800	94.4	84.0	24.4	94.5	0.0	0.0	0.0	0.000	0.000	0.000	0.0	0.0		11:38:57:974		
000:00:48.000	94.9	84.0	24.4	94.9	0.0	0.0	0.0	0.000	0.000	0.000	0.0	0.0		11:38:58:174		
000:00:48.200	95.3	84.0	24.4	95.4	0.0	0.0	0.0	0.000	0.000	0.000	0.0	0.0		11:38:58:374		
000:00:48.400	96.3	84.0	24.4	96.3	0.0	0.0	0.0	0.000	0.000	0.000	0.0	0.0		11:38:58:574		
000:00:48.600	96.5	84.0	24.4	96.6	0.0	0.0	0.0	0.000	0.000	0.000	0.0	0.0		11:38:58:774		
000:00:48.800	96.7	84.0	24.4	96.8	0.0	0.0	0.0	0.000	0.000	0.000	0.0	0.0		11:38:58:974		
000:00:49.000	96.8	84.0	24.4	96.8	0.0	0.0	0.0	0.000	0.000	0.000	0.0	0.0		11:38:59:174		
000:00:49.200	96.8	84.0	24.4	96.8	0.0	0.0	0.0	0.000	0.000	0.000	0.0	0.0		11:38:59:374		
000:00:49.400	96.8	84.0	24.4	96.8	0.0	0.0	0.0	0.000	0.000	0.000	0.0	0.0		11:38:59:574		
000:00:49.600	95.7	84.0	24.4	95.7	0.0	0.0	0.0	0.000	0.000	0.000	0.0	0.0		11:38:59:774		
000:00:49.800	95.6	84.0	24.4	95.5	0.0	0.0	0.0	0.000	0.000	0.000	0.0	0.0		11:38:59:974		
000:00:50.000	95.4	84.0	24.4	95.3	0.0	0.0	0.0	0.000	0.000	0.000	0.0	0.0		11:39:00:174		
000:00:50.200	95.5	84.0	24.4	95.7	0.0	0.0	0.0	0.000	0.000	0.000	0.0	0.0		11:39:00:374		
000:00:50.400	95.6	84.0	24.4	95.6	0.0	0.0	0.0	0.000	0.000	0.000	0.0	0.0		11:39:00:574		
000:00:50.600	95.7	84.0	24.4	95.6	0.0	0.0	0.0	0.000	0.000	0.000	0.0	0.0		11:39:00:774		
000:00:50.800	95.4	84.0	24.4	95.5	0.0	0.0	0.0	0.000	0.000	0.000	0.0	0.0		11:39:00:974		
000:00:51.000	95.9	84.0	24.4	95.9	0.0	0.0	0.0	0.000	0.000	0.000	0.0	0.0		11:39:01:174		
000:00:51.200	96.3	84.0	24.4	96.3	0.0	0.0	0.0	0.000	0.000	0.000	0.0	0.0		11:39:01:374		
000:00:51.400	95.9	84.0	24.4	95.8	0.0	0.0	0.0	0.000	0.000	0.000	0.0	0.0		11:39:01:574		
000:00:51.600	96.1	84.0	24.4	96.0	0.0	0.0	0.0	0.000	0.000	0.000	0.0	0.0		11:39:01:774		
000:00:51.800	96.2	84.0	24.4	96.2	0.0	0.0	0.0	0.000	0.000	0.000	0.0	0.0		11:39:01:974		
000:00:52.000	96.7	84.0	24.4	96.6	0.0	0.0	0.0	0.000	0.000	0.000	0.0	0.0		11:39:02:174		
000:00:52.200	96.5	84.0	24.4	96.4	0.0	0.0	0.0	0.000	0.000	0.000	0.0	0.0		11:39:02:374		
000:00:52.400	96.3	84.0	24.4	96.3	0.0	0.0	0.0	0.000	0.000	0.000	0.0	0.0		11:39:02:574		
000:00:52.600	96.5	84.0	24.4	96.5	0.0	0.0	0.0	0.000	0.000	0.000	0.0	0.0		11:39:02:774		
000:00:52.800	96.7	84.0	24.4	96.7	0.0	0.0	0.0	0.000	0.000	0.000	0.0	0.0		11:39:02:974		
000:00:53.000	96.8	84.0	24.4	96.8	0.0	0.0	0.0	0.000	0.000	0.000	0.0	0.0		11:39:03:174		
000:00:53.200	96.6	84.0	24.4	96.6	0.0	0.0	0.0	0.000	0.000	0.000	0.0	0.0		11:39:03:374		
000:00:53.400	96.7	84.0	24.4	96.7	0.0	0.0	0.0	0.000	0.000	0.000	0.0	0.0		11:39:03:574		
000:00:53.600	96.8	84.0	24.4	96.8	0.0	0.0	0.0	0.000	0.000	0.000	0.0	0.0		11:39:03:774		
000:00:53.800	96.8	84.0	24.4	96.8	0.0	0.0	0.0	0.000	0.000	0.000	0.0	0.0		11:39:03:974		
000:00:54.000	96.8	84.0	24.4	96.8	0.0	0.0	0.0	0.000	0.000	0.000	0.0	0.0		11:39:04:174		
000:00:54.200	96.8	84.0	24.4	96.8	0.0	0.0	0.0	0.000	0.000	0.000	0.0	0.0		11:39:04:374		
000:00:54.400	96.8	84.0	24.4	96.8	0.0	0.0	0.0	0.000	0.000	0.000	0.0	0.0		11:39:04:574		
000:00:54.600	96.8	84.0	24.4	96.8	0.0	0.0	0.0	0.000	0.000	0.000	0.0	0.0		11:39:04:774		
000:00:54.800	96.8	84.0	24.4	96.8	0.0	0.0	0.0	0.000	0.000	0.000	0.0	0.0		11:39:04:974		
000:00:55.000	96.7	84.0	24.4	96.7	0.0	0.0	0.0	0.000	0.000	0.000	0.0	0.0		11:39:05:174		
000:00:55.200	96.6	84.0	24.4	96.6	0.0	0.0	0.0	0.000	0.000	0.000	0.0	0.0		11:39:05:374		
000:00:55.400	95.9	84.0	24.4	95.8	0.0	0.0	0.0	0.000	0.000	0.000	0.0	0.0		11:39:05:574		
000:00:55.600	95.3	84.0	24.4	95.3	0.0	0.0	0.0	0.000	0.000	0.000	0.0	0.0		11:39:05:774		
000:00:55.800	94.7	84.0	24.4	94.7	0.0	0.0	0.0	0.000	0.000	0.000	0.0	0.0		11:39:05:974		
000:00:56.000	95.2	84.0	24.4	95.3	0.0	0.0	0.0	0.000	0.000	0.000	0.0	0.0		11:39:06:174		
000:00:56.200	95.7	84.0	24.4	95.8	0.0	0.0	0.0	0.000	0.000	0.000	0.0	0.0		11:39:06:374		
000:00:56.400	96.2	84.0	24.4	96.3	0.0	0.0	0.0	0.000	0.000	0.000	0.0	0.0		11:39:06:574		
000:00:56.600	96.7	84.0	24.4	96.7	0.0	0.0	0.0	0.000	0.000	0.000	0.0	0.0		11:39:06:774		
000:00:56.800	96.8	84.0	24.4	96.8	0.0	0.0	0.0	0.000	0.000	0.000	0.0	0.0		11:39:06:974		
000:00:57.000	96.8	84.0	24.4	96.8	0.0	0.0	0.0	0.000	0.000	0.000	0.0	0.0		11:39:07:174		
000:00:57.200	96.8	84.0	24.4	96.8	0.0	0.0	0.0	0.000	0.000	0.000	0.0	0.0		11:39:07:374		
000:00:57.400	96.8	84.0	24.4	96.8	0.0	0.0	0.0	0.000	0.000	0.000	0.0	0.0		11:39:07:574		
000:00:57.600	96.7	84.0	24.4	96.7	0.0	0.0	0.0	0.000	0.000	0.000	0.0	0.0		11:39:07:774		
000:00:57.800	96.2	84.0	24.4	96.2	0.0	0.0	0.0	0.000	0.000	0.000	0.0	0.0		11:39:07:974		
000:00:58.000	95.7	84.0	24.4	95.6	0.0	0.0	0.0	0.000	0.000	0.000	0.0	0.0		11:39:08:174		
000:00:58.200	95.1	84.0	24.4	95.0	0.0	0.0	0.0	0.000	0.000	0.000	0.0	0.0		11:39:08:374		
000:00:58.400	94.3	84.0	24.4	94.4	0.0	0.0	0.0	0.000	0.000	0.000	0.0	0.0		11:39:08:574		
000:00:58.600	94.8	84.0	24.4	94.9	0.0	0.0	0.0	0.000	0.000	0.000	0.0	0.0		11:39:08:774		
000:00:58.800	95.3	84.0	24.4	95.4	0.0	0.0	0.0	0.000	0.000	0.000	0.0	0.0		11:39:08:974		
000:00:59.000	96.2	84.0	24.4	96.3	0.0	0.0	0.0	0.000	0.000	0.000	0.0	0.0		11:39:09:174		
000:00:59.200	96.4	84.0	24.4	96.4	0.0	0.0	0.0	0.000	0.000	0.000	0.0	0.0		11:39:09:374		
000:00:59.400	96.6	84.0	24.4	96.6	0.0	0.0	0.0	0.000	0.000	0.000	0.0	0.0		11:39:09:574		
000:00:59.600	96.8	84.0	24.4	96.7	0.0	0.0	0.0	0.000	0.000	0.000	0.0	0.0		11:39:09:774		
000:00:59.800	96.8	84.0	24.4	96.7	0.0	0.0	0.0	0.000	0.000	0.000	0.0	0.0		11:39:09:974		
000:01:00.000	96.7	84.0	24.4	96.7	0.0	0.0	0.0	0.000	0.000	0.000	0.0	0.0		11:39:10:174		
000:01:00.200	95.8	84.0	24.4	95.7	0.0	0.0	0.0	0.000	0.000	0.000	0.0	0.0		11:39:10:374		
000:01:00.400	94.8	84.0	24.4	94.7	0.0	0.0	0.0	0.000	0.000	0.000	0.0	0.0		11:39:10:574		
000:01:00.600	95.1	84.0	24.4	95.2	0.0	0.0	0.0	0.000	0.000	0.000	0.0	0.0		11:39:10:774		
000:01:00.800	95.1	84.0	24.4	95.1	0.0	0.0	0.0	0.000	0.000	0.000	0.0	0.0		11:39:10:974		
000:01:01.000	95.2	84.0	24.4	95.1	0.0	0.0	0.0	0.000	0.000	0.000	0.0	0.0		11:39:11:174		
000:01:01.200	95.4	84.0	24.4	95.5	0.0	0.0	0.0	0.000	0.000	0.000	0.0	0.0		11:39:11:374		
000:01:01.400	95.7	84.0	24.4	95.7	0.0	0.0	0.0	0.000	0.000	0.000	0.0	0.0		11:39:11:574		
000:01:01.600	95.9	84.0	24.4	95.8	0.0	0.0	0.0	0.000	0.000	0.000	0.0	0.0		11:39:11:774		
000:01:01.800	95.6	84.0	24.4	95.7	0.0	0.0	0.0	0.000	0.000	0.000	0.0	0.0		11:39:11:974		
000:01:02.000	95.8	84.0	24.4	95.9	0.0	0.0	0.0	0.000	0.000	0.000	0.0	0.0		11:39:12:174		
000:01:02.200	96.1	84.0	24.4	96.2	0.0	0.0	0.0	0.000	0.000	0.000	0.0	0.0		11:39:12:374		
000:01:02.400	96.3	84.0	24.4	96.3	0.0	0.0	0.0	0.000	0.000	0.000	0.0	0.0		11:39:12:574		
000:01:02.600	96.3	84.0	24.4	96.3	0.0	0.0	0.0	0.000	0.000	0.000	0.0	0.0		11:39:12:774		
000:01:02.800	96.2	84.0	24.4	96.2	0.0	0.0	0.0	0.000	0.000	0.000	0.0	0.0		11:39:12:974		
000:01:03.000	96.5	84.0	24.4	96.5	0.0	0.0	0.0	0.000	0.000	0.000	0.0	0.0		11:39:13:174		
000:01:03.200	96.5	84.0	24.4	96.5	0.0	0.0	0.0	0.000	0.000	0.000	0.0	0.0		11:39:13:374		
000:01:03.400	96.5	84.0	24.4	96.5	0.0	0.0	0.0	0.000	0.000	0.000	0.0	0.0		11:39:13:574		
000:01:03.600	96.5	84.0	24.4	96.5	0.0	0.0	0.0	0.000	0.000	0.000	0.0	0.0		11:39:13:774		
000:01:03.800	96.5	84.0	24.4	96.5	0.0	0.0	0.0	0.000	0.000	0.000	0.0	0.0		11:39:13:974		
000:01:04.000	96.5	84.0	24.4	96.5	0.0	0.0	0.0	0.000	0.000	0.000	0.0	0.0		11:39:14:174		
000:01:04.200	96.6	84.0	24.4	96.6	0.0	0.0	0.0	0.000	0.000	0.000	0.0	0.0		11:39:14:374		
000:01:04.400	96.6	84.0	24.4	96.6	0.0	0.0	0.0	0.000	0.000	0.000	0.0	0.0		11:39:14:574		
000:01:04.600	96.7	84.0	24.4	96.6	0.0	0.0	0.0	0.000	0.000	0.000	0.0	0.0		11:39:14:774		
000:01:04.800	96.7	84.0	24.4	96.7	0.0	0.0	0.0	0.000	0.000	0.000	0.0	0.0		11:39:14:974		
000:01:05.000	96.7	84.0	24.4	96.7	0.0	0.0	0.0	0.000	0.000	0.000	0.0	0.0		11:39:15:174		
000:01:05.200	96.7	84.0	24.4	96.7	0.0	0.0	0.0	0.000	0.000	0.000	0.0	0.0		11:39:15:374		
000:01:05.400	96.6	84.0	24.4	96.6	0.0	0.0	0.0	0.000	0.000	0.000	0.0	0.0		11:39:15:574		
000:01:05.600	96.6	84.0	24.4	96.6	0.0	0.0	0.0	0.000	0.000	0.000	0.0	0.0		11:39:15:774		
000:01:05.800	96.5	84.0	24.4	96.5	0.0	0.0	0.0	0.000	0.000	0.000	0.0	0.0		11:39:15:974		
000:01:06.000	96.3	84.0	24.4	96.3	0.0	0.0	0.0	0.000	0.000	0.000	0.0	0.0		11:39:16:174		
000:01:06.200	96.2	84.0	24.4	96.2	0.0	0.0	0.0	0.000	0.000	0.000	0.0	0.0		11:39:16:374		
000:01:06.400	95.3	84.0	24.4	95.2	0.0	0.0	0.0	0.000	0.000	0.000	0.0	0.0		11:39:16:574		
000:01:06.600	94.8	84.0	24.4	94.8	0.0	0.0	0.0	0.000	0.000	0.000	0.0	0.0		11:39:16:774		
000:01:06.800	94.3	84.0	24.4	94.3	0.0	0.0	0.0	0.000	0.000	0.000	0.0	0.0		11:39:16:974		
000:01:07.000	94.8	84.0	24.4	94.8	0.0	0.0	0.0	0.000	0.000	0.000	0.0	0.0		11:39:17:174		
000:01:07.200	95.3	84.0	24.4	95.3	0.0	0.0	0.0	0.000	0.000	0.000	0.0	0.0		11:39:17:374		
000:01:07.400	95.7	84.0	24.4	95.8	0.0	0.0	0.0	0.000	0.000	0.000	0.0	0.0		11:39:17:574		
000:01:07.600	96.4	84.0	24.4	96.5	0.0	0.0	0.0	0.000	0.000	0.000	0.0	0.0		11:39:17:774		
000:01:07.800	96.5	84.0	24.4	96.6	0.0	0.0	0.0	0.000	0.000	0.000	0.0	0.0		11:39:17:974		
000:01:08.000	96.6	84.0	24.4	96.6	0.0	0.0	0.0	0.000	0.000	0.000	0.0	0.0		11:39:18:174		
000:01:08.200	96.6	84.0	24.4	96.7	0.0	0.0	0.0	0.000	0.000	0.000	0.0	0.0		11:39:18:374		
000:01:08.400	95.9	84.0	24.4	95.8	0.0	0.0	0.0	0.000	0.000	0.000	0.0	0.0		11:39:18:574		
000:01:08.600	95.2	84.0	24.4	95.0	0.0	0.0	0.0	0.000	0.000	0.000	0.0	0.0		11:39:18:774		
000:01:08.800	94.5	84.0	24.4	94.6	0.0	0.0	0.0	0.000	0.000	0.000	0.0	0.0		11:39:18:974		
000:01:09.000	94.8	84.0	24.4	94.9	0.0	0.0	0.0	0.000	0.000	0.000	0.0	0.0		11:39:19:174		
000:01:09.200	95.2	84.0	24.4	95.2	0.0	0.0	0.0	0.000	0.000	0.000	0.0	0.0		11:39:19:374		
000:01:09.400	94.6	84.0	24.4	94.7	0.0	0.0	0.0	0.000	0.000	0.000	0.0	0.0		11:39:19:574		
000:01:09.600	95.2	84.0	24.4	95.3	0.0	0.0	0.0	0.000	0.000	0.000	0.0	0.0		11:39:19:774		
000:01:09.800	95.8	84.0	24.4	95.8	0.0	0.0	0.0	0.000	0.000	0.000	0.0	0.0		11:39:19:974		
000:01:10.000	95.5	84.0	24.4	95.5	0.0	0.0	0.0	0.000	0.000	0.000	0.0	0.0		11:39:20:174		
000:01:10.200	95.2	84.0	24.4	95.1	0.0	0.0	0.0	0.000	0.000	0.000	0.0	0.0		11:39:20:374		
000:01:10.400	94.8	84.0	24.4	94.9	0.0	0.0	0.0	0.000	0.000	0.000	0.0	0.0		11:39:20:574		
000:01:10.600	95.3	84.0	24.4	95.4	0.0	0.0	0.0	0.000	0.000	0.000	0.0	0.0		11:39:20:774		
000:01:10.800	95.7	84.0	24.4	95.8	0.0	0.0	0.0	0.000	0.000	0.000	0.0	0.0		11:39:20:974		
000:01:11.000	96.3	84.0	24.4	96.2	0.0	0.0	0.0	0.000	0.000	0.000	0.0	0.0		11:39:21:174		
000:01:11.200	95.8	84.0	24.4	95.8	0.0	0.0	0.0	0.000	0.000	0.000	0.0	0.0		11:39:21:374		
000:01:11.400	95.4	84.0	24.4	95.3	0.0	0.0	0.0	0.000	0.000	0.000	0.0	0.0		11:39:21:574		
000:01:11.600	95.6	84.0	24.4	95.6	0.0	0.0	0.0	0.000	0.000	0.000	0.0	0.0		11:39:21:774		
000:01:11.800	95.7	84.0	24.4	95.8	0.0	0.0	0.0	0.000	0.000	0.000	0.0	0.0		11:39:21:974		
000:01:12.000	96.3	84.0	24.5	96.4	0.0	0.0	0.0	0.000	0.000	0.000	0.0	0.0		11:39:22:174		
000:01:12.200	96.3	84.0	24.5	96.4	0.0	0.0	0.0	0.000	0.000	0.000	0.0	0.0		11:39:22:374		
000:01:12.400	96.3	84.0	24.5	96.3	0.0	0.0	0.0	0.000	0.000	0.000	0.0	0.0		11:39:22:574		
000:01:12.600	96.0	84.0	24.5	96.1	0.0	0.0	0.0	0.000	0.000	0.000	0.0	0.0		11:39:22:774		
000:01:12.800	95.7	84.0	24.5	95.8	0.0	0.0	0.0	0.000	0.000	0.000	0.0	0.0		11:39:22:974		
000:01:13.000	96.3	84.0	24.5	96.3	0.0	0.0	0.0	0.000	0.000	0.000	0.0	0.0		11:39:23:174		
000:01:13.200	96.4	84.0	24.5	96.4	0.0	0.0	0.0	0.000	0.000	0.000	0.0	0.0		11:39:23:374		
000:01:13.400	96.5	84.0	24.5	96.6	0.0	0.0	0.0	0.000	0.000	0.000	0.0	0.0		11:39:23:574		
000:01:13.600	96.3	84.0	24.5	96.3	0.0	0.0	0.0	0.000	0.000	0.000	0.0	0.0		11:39:23:774		
000:01:13.800	96.3	84.0	24.5	96.3	0.0	0.0	0.0	0.000	0.000	0.000	0.0	0.0		11:39:23:974		
000:01:14.000	96.3	84.0	24.5	96.3	0.0	0.0	0.0	0.000	0.000	0.000	0.0	0.0		11:39:24:174		
000:01:14.200	96.4	84.0	24.4	96.4	0.0	0.0	0.0	0.000	0.000	0.000	0.0	0.0		11:39:24:374		
000:01:14.400	96.5	84.0	24.4	96.5	0.0	0.0	0.0	0.000	0.000	0.000	0.0	0.0		11:39:24:574		
000:01:14.600	96.5	84.0	24.4	96.4	0.0	0.0	0.0	0.000	0.000	0.000	0.0	0.0		11:39:24:774		
000:01:14.800	96.5	84.0	24.4	96.5	0.0	0.0	0.0	0.000	0.000	0.000	0.0	0.0		11:39:24:974		
000:01:15.000	96.5	84.0	24.4	96.5	0.0	0.0	0.0	0.000	0.000	0.000	0.0	0.0		11:39:25:174		
000:01:15.200	96.6	84.0	24.4	96.5	0.0	0.0	0.0	0.000	0.000	0.000	0.0	0.0		11:39:25:374		
000:01:15.400	96.6	84.0	24.4	96.5	0.0	0.0	0.0	0.000	0.000	0.000	0.0	0.0		11:39:25:574		
000:01:15.600	101.7	84.0	24.4	127.9	0.0	0.0	0.0	0.000	0.000	0.000	0.0	0.0		11:39:25:774		
000:01:15.800	143.5	84.0	24.4	156.6	0.0	0.0	0.0	0.000	0.000	0.000	0.0	0.0		11:39:25:974		
000:01:16.000	185.4	84.0	24.4	185.2	0.0	0.0	0.0	0.000	0.000	0.000	0.0	0.0		11:39:26:174		
000:01:16.200	183.0	84.0	24.4	182.8	0.0	0.0	0.0	0.000	0.000	0.000	0.0	0.0		11:39:26:374		
000:01:16.400	182.0	84.0	24.4	181.8	0.0	0.0	0.0	0.000	0.000	0.000	0.0	0.0		11:39:26:574		
000:01:16.600	181.0	84.0	24.4	180.8	0.0	0.0	0.0	0.000	0.000	0.000	0.0	0.0		11:39:26:774		
000:01:16.800	180.1	84.0	24.4	180.0	0.0	0.0	0.0	0.000	0.000	0.000	0.0	0.0		11:39:26:974		
000:01:17.000	179.3	84.0	24.4	179.2	0.0	0.0	0.0	0.000	0.000	0.000	0.0	0.0		11:39:27:174		
000:01:17.200	177.8	84.0	24.4	177.7	0.0	0.0	0.0	0.000	0.000	0.000	0.0	0.0		11:39:27:374		
000:01:17.400	177.1	84.0	24.4	177.0	0.0	0.0	0.0	0.000	0.000	0.000	0.0	0.0		11:39:27:574		
000:01:17.600	176.4	84.0	24.4	176.4	0.0	0.0	0.0	0.000	0.000	0.000	0.0	0.0		11:39:27:774		
000:01:17.800	175.2	84.0	24.4	175.1	0.0	0.0	0.0	0.000	0.000	0.000	0.0	0.0		11:39:27:974		
000:01:18.000	174.6	84.0	24.4	174.5	0.0	0.0	0.0	0.000	0.000	0.000	0.0	0.0		11:39:28:174		
000:01:18.200	174.0	84.0	24.4	173.9	0.0	0.0	0.0	0.000	0.000	0.000	0.0	0.0		11:39:28:374		
000:01:18.400	172.8	84.0	24.4	172.7	0.0	0.0	0.0	0.000	0.000	0.000	0.0	0.0		11:39:28:574		
000:01:18.600	172.2	84.0	24.4	172.2	0.0	0.0	0.0	0.000	0.000	0.000	0.0	0.0		11:39:28:774		
000:01:18.800	171.6	84.0	24.4	171.6	0.0	0.0	0.0	0.000	0.000	0.000	0.0	0.0		11:39:28:974		
000:01:19.000	170.5	84.0	24.4	170.4	0.0	0.0	0.0	0.000	0.000	0.000	0.0	0.0		11:39:29:174		
000:01:19.200	170.0	84.0	24.4	170.0	0.0	0.0	0.0	0.000	0.000	0.000	0.0	0.0		11:39:29:374		
000:01:19.400	169.6	84.0	24.4	169.5	0.0	0.0	0.0	0.000	0.000	0.000	0.0	0.0		11:39:29:574		
000:01:19.600	169.1	84.0	24.4	169.1	0.0	0.0	0.0	0.000	0.000	0.000	0.0	0.0		11:39:29:774		
000:01:19.800	168.6	84.0	24.4	168.6	0.0	0.0	0.0	0.000	0.000	0.000	0.0	0.0		11:39:29:974		
000:01:20.000	167.8	84.0	24.4	167.7	0.0	0.0	0.0	0.000	0.000	0.000	0.0	0.0		11:39:30:174		
000:01:20.200	167.4	84.0	24.4	167.4	0.0	0.0	0.0	0.000	0.000	0.000	0.0	0.0		11:39:30:374		
000:01:20.400	167.1	84.0	24.4	167.0	0.0	0.0	0.0	0.000	0.000	0.000	0.0	0.0		11:39:30:574		
000:01:20.600	166.3	84.0	24.4	166.2	0.0	0.0	0.0	0.000	0.000	0.000	0.0	0.0		11:39:30:774		
000:01:20.800	165.9	84.0	24.4	165.8	0.0	0.0	0.0	0.000	0.000	0.000	0.0	0.0		11:39:30:974		
000:01:21.000	165.5	84.0	24.4	165.4	0.0	0.0	0.0	0.000	0.000	0.000	0.0	0.0		11:39:31:174		
000:01:21.200	164.6	84.0	24.5	164.6	0.0	0.0	0.0	0.000	0.000	0.000	0.0	0.0		11:39:31:374		
000:01:21.400	164.3	84.0	24.5	164.3	0.0	0.0	0.0	0.000	0.000	0.000	0.0	0.0		11:39:31:574		
000:01:21.600	164.0	84.0	24.5	163.9	0.0	0.0	0.0	0.000	0.000	0.000	0.0	0.0		11:39:31:774		
000:01:21.800	163.6	84.0	24.5	163.5	0.0	0.0	0.0	0.000	0.000	0.000	0.0	0.0		11:39:31:974		
000:01:22.000	163.1	84.0	24.5	163.1	0.0	0.0	0.0	0.000	0.000	0.000	0.0	0.0		11:39:32:174		
000:01:22.200	162.4	84.0	24.5	162.4	0.0	0.0	0.0	0.000	0.000	0.000	0.0	0.0		11:39:32:374		
000:01:22.400	162.1	84.0	24.5	162.1	0.0	0.0	0.0	0.000	0.000	0.000	0.0	0.0		11:39:32:574		
000:01:22.600	161.8	84.0	24.4	161.8	0.0	0.0	0.0	0.000	0.000	0.000	0.0	0.0		11:39:32:774		
000:01:22.800	161.4	84.0	24.4	161.4	0.0	0.0	0.0	0.000	0.000	0.000	0.0	0.0		11:39:32:974		
000:01:23.000	161.0	84.0	24.4	161.0	0.0	0.0	0.0	0.000	0.000	0.000	0.0	0.0		11:39:33:174		
000:01:23.200	160.4	84.0	24.4	160.4	0.0	0.0	0.0	0.000	0.000	0.000	0.0	0.0		11:39:33:374		
000:01:23.400	160.1	84.0	24.4	160.0	0.0	0.0	0.0	0.000	0.000	0.000	0.0	0.0		11:39:33:574		
000:01:23.600	159.8	84.0	24.4	159.7	0.0	0.0	0.0	0.000	0.000	0.000	0.0	0.0		11:39:33:774		
000:01:23.800	159.1	84.0	24.4	159.1	0.0	0.0	0.0	0.000	0.000	0.000	0.0	0.0		11:39:33:974		
000:01:24.000	158.8	84.0	24.4	158.8	0.0	0.0	0.0	0.000	0.000	0.000	0.0	0.0		11:39:34:174		
000:01:24.200	158.5	84.0	24.4	158.5	0.0	0.0	0.0	0.000	0.000	0.000	0.0	0.0		11:39:34:374		
000:01:24.400	158.3	84.0	24.4	158.3	0.0	0.0	0.0	0.000	0.000	0.000	0.0	0.0		11:39:34:574		
000:01:24.600	158.0	84.0	24.4	158.0	0.0	0.0	0.0	0.000	0.000	0.000	0.0	0.0		11:39:34:774		
000:01:24.800	157.6	84.0	24.5	157.5	0.0	0.0	0.0	0.000	0.000	0.000	0.0	0.0		11:39:34:974		
000:01:25.000	157.4	84.0	24.5	157.3	0.0	0.0	0.0	0.000	0.000	0.000	0.0	0.0		11:39:35:174		
000:01:25.200	157.1	84.0	24.5	157.1	0.0	0.0	0.0	0.000	0.000	0.000	0.0	0.0		11:39:35:374		
000:01:25.400	156.5	84.0	24.5	156.5	0.0	0.0	0.0	0.000	0.000	0.000	0.0	0.0		11:39:35:574		
000:01:25.600	156.3	84.0	24.5	156.3	0.0	0.0	0.0	0.000	0.000	0.000	0.0	0.0		11:39:35:774		
000:01:25.800	156.0	84.0	24.5	156.0	0.0	0.0	0.0	0.000	0.000	0.000	0.0	0.0		11:39:35:974		
000:01:26.000	155.8	84.0	24.5	155.8	0.0	0.0	0.0	0.000	0.000	0.000	0.0	0.0		11:39:36:174		
000:01:26.200	155.6	84.0	24.5	155.6	0.0	0.0	0.0	0.000	0.000	0.000	0.0	0.0		11:39:36:374		
000:01:26.400	155.2	84.0	24.5	155.2	0.0	0.0	0.0	0.000	0.000	0.000	0.0	0.0		11:39:36:574		
000:01:26.600	155.0	84.0	24.5	155.0	0.0	0.0	0.0	0.000	0.000	0.000	0.0	0.0		11:39:36:774		
000:01:26.800	154.8	84.0	24.5	154.7	0.0	0.0	0.0	0.000	0.000	0.000	0.0	0.0		11:39:36:974		
000:01:27.000	154.5	84.0	24.5	154.4	0.0	0.0	0.0	0.000	0.000	0.000	0.0	0.0		11:39:37:174		
000:01:27.200	154.3	84.0	24.5	154.3	0.0	0.0	0.0	0.000	0.000	0.000	0.0	0.0		11:39:37:374		
000:01:27.400	154.1	84.0	24.5	154.1	0.0	0.0	0.0	0.000	0.000	0.000	0.0	0.0		11:39:37:574		
000:01:27.600	154.0	84.0	24.5	154.0	0.0	0.0	0.0	0.000	0.000	0.000	0.0	0.0		11:39:37:774		
000:01:27.800	153.9	84.0	24.5	153.9	0.0	0.0	0.0	0.000	0.000	0.000	0.0	0.0		11:39:37:974		
000:01:28.000	153.7	84.0	24.5	153.7	0.0	0.0	0.0	0.000	0.000	0.000	0.0	0.0		11:39:38:174		
000:01:28.200	153.6	84.0	24.5	153.6	0.0	0.0	0.0	0.000	0.000	0.000	0.0	0.0		11:39:38:374		
000:01:28.400	153.6	84.0	24.5	153.6	0.0	0.0	0.0	0.000	0.000	0.000	0.0	0.0		11:39:38:574		
000:01:28.600	153.7	84.0	24.5	153.7	0.0	0.0	0.0	0.000	0.000	0.000	0.0	0.0		11:39:38:774		
000:01:28.800	153.7	84.0	24.5	153.7	0.0	0.0	0.0	0.000	0.000	0.000	0.0	0.0		11:39:38:974		
000:01:29.000	153.7	84.0	24.5	153.7	0.0	0.0	0.0	0.000	0.000	0.000	0.0	0.0		11:39:39:174		
000:01:29.200	153.7	84.0	24.5	153.7	0.0	0.0	0.0	0.000	0.000	0.000	0.0	0.0		11:39:39:374		
000:01:29.400	153.8	84.0	24.5	153.8	0.0	0.0	0.0	0.000	0.000	0.000	0.0	0.0		11:39:39:574		
000:01:29.600	153.8	84.0	24.5	153.9	0.0	0.0	0.0	0.000	0.000	0.000	0.0	0.0		11:39:39:774		
000:01:29.800	154.0	84.0	24.5	154.0	0.0	0.0	0.0	0.000	0.000	0.000	0.0	0.0		11:39:39:974		
000:01:30.000	154.1	84.0	24.5	154.1	0.0	0.0	0.0	0.000	0.000	0.000	0.0	0.0		11:39:40:174		
000:01:30.200	154.2	84.0	24.5	154.2	0.0	0.0	0.0	0.000	0.000	0.000	0.0	0.0		11:39:40:374		
000:01:30.400	154.3	84.0	24.5	154.3	0.0	0.0	0.0	0.000	0.000	0.000	0.0	0.0		11:39:40:574		
000:01:30.600	154.4	84.0	24.5	154.4	0.0	0.0	0.0	0.000	0.000	0.000	0.0	0.0		11:39:40:774		
000:01:30.800	154.5	84.0	24.5	154.5	0.0	0.0	0.0	0.000	0.000	0.000	0.0	0.0		11:39:40:974		
000:01:31.000	154.6	84.0	24.5	154.6	0.0	0.0	0.0	0.000	0.000	0.000	0.0	0.0		11:39:41:174		
000:01:31.200	154.7	84.0	24.5	154.7	0.0	0.0	0.0	0.000	0.000	0.000	0.0	0.0		11:39:41:374		
000:01:31.400	154.8	84.0	24.5	154.8	0.0	0.0	0.0	0.000	0.000	0.000	0.0	0.0		11:39:41:574		
000:01:31.600	154.8	84.0	24.5	154.9	0.0	0.0	0.0	0.000	0.000	0.000	0.0	0.0		11:39:41:774		
000:01:31.800	154.9	84.0	24.5	154.9	0.0	0.0	0.0	0.000	0.000	0.000	0.0	0.0		11:39:41:974		
000:01:32.000	155.0	84.0	24.5	155.0	0.0	0.0	0.0	0.000	0.000	0.000	0.0	0.0		11:39:42:174		
000:01:32.200	155.0	84.0	24.5	155.0	0.0	0.0	0.0	0.000	0.000	0.000	0.0	0.0		11:39:42:374		
000:01:32.400	155.0	84.0	24.5	155.0	0.0	0.0	0.0	0.000	0.000	0.000	0.0	0.0		11:39:42:574		
000:01:32.600	155.0	84.0	24.5	155.0	0.0	0.0	0.0	0.000	0.000	0.000	0.0	0.0		11:39:42:774		
000:01:32.800	154.9	84.0	24.5	154.9	0.0	0.0	0.0	0.000	0.000	0.000	0.0	0.0		11:39:42:974		
000:01:33.000	154.9	84.0	24.5	154.9	0.0	0.0	0.0	0.000	0.000	0.000	0.0	0.0		11:39:43:174		
000:01:33.200	154.8	84.0	24.5	154.8	0.0	0.0	0.0	0.000	0.000	0.000	0.0	0.0		11:39:43:374		
000:01:33.400	154.8	84.0	24.5	154.8	0.0	0.0	0.0	0.000	0.000	0.000	0.0	0.0		11:39:43:574		
000:01:33.600	154.8	84.0	24.5	154.7	0.0	0.0	0.0	0.000	0.000	0.000	0.0	0.0		11:39:43:774		
000:01:33.800	154.7	84.0	24.5	154.6	0.0	0.0	0.0	0.000	0.000	0.000	0.0	0.0		11:39:43:974		
000:01:34.000	154.5	84.0	24.5	154.5	0.0	0.0	0.0	0.000	0.000	0.000	0.0	0.0		11:39:44:174		
000:01:34.200	154.4	84.0	24.5	154.4	0.0	0.0	0.0	0.000	0.000	0.000	0.0	0.0		11:39:44:374		
000:01:34.400	154.3	84.0	24.5	154.4	0.0	0.0	0.0	0.000	0.000	0.000	0.0	0.0		11:39:44:574		
000:01:34.600	154.2	84.0	24.5	154.1	0.0	0.0	0.0	0.000	0.000	0.000	0.0	0.0		11:39:44:774		
000:01:34.800	154.1	84.0	24.5	154.0	0.0	0.0	0.0	0.000	0.000	0.000	0.0	0.0		11:39:44:974		
000:01:35.000	153.9	84.0	24.5	153.9	0.0	0.0	0.0	0.000	0.000	0.000	0.0	0.0		11:39:45:174		
000:01:35.200	153.7	84.0	24.5	153.7	0.0	0.0	0.0	0.000	0.000	0.000	0.0	0.0		11:39:45:374		
000:01:35.400	153.5	84.0	24.5	153.5	0.0	0.0	0.0	0.000	0.000	0.000	0.0	0.0		11:39:45:574		
000:01:35.600	153.4	84.0	24.5	153.4	0.0	0.0	0.0	0.000	0.000	0.000	0.0	0.0		11:39:45:774		
000:01:35.800	153.2	84.0	24.5	153.2	0.0	0.0	0.0	0.000	0.000	0.000	0.0	0.0		11:39:45:974		
000:01:36.000	153.0	84.0	24.5	152.9	0.0	0.0	0.0	0.000	0.000	0.000	0.0	0.0		11:39:46:174		
000:01:36.200	152.8	84.0	24.5	152.8	0.0	0.0	0.0	0.000	0.000	0.000	0.0	0.0		11:39:46:374		
000:01:36.400	152.6	84.0	24.5	152.6	0.0	0.0	0.0	0.000	0.000	0.000	0.0	0.0		11:39:46:574		
000:01:36.600	152.2	84.0	24.5	152.2	0.0	0.0	0.0	0.000	0.000	0.000	0.0	0.0		11:39:46:774		
000:01:36.800	151.9	84.0	24.5	151.9	0.0	0.0	0.0	0.000	0.000	0.000	0.0	0.0		11:39:46:974		
000:01:37.000	151.7	84.0	24.5	151.7	0.0	0.0	0.0	0.000	0.000	0.000	0.0	0.0		11:39:47:174		
000:01:37.200	151.5	84.0	24.5	151.5	0.0	0.0	0.0	0.000	0.000	0.000	0.0	0.0		11:39:47:374		
000:01:37.400	151.2	84.0	24.5	151.2	0.0	0.0	0.0	0.000	0.000	0.000	0.0	0.0		11:39:47:574		
000:01:37.600	151.0	84.0	24.5	151.0	0.0	0.0	0.0	0.000	0.000	0.000	0.0	0.0		11:39:47:774		
000:01:37.800	150.8	84.0	24.5	150.8	0.0	0.0	0.0	0.000	0.000	0.000	0.0	0.0		11:39:47:974		
000:01:38.000	150.5	84.0	24.5	150.4	0.0	0.0	0.0	0.000	0.000	0.000	0.0	0.0		11:39:48:174		
000:01:38.200	150.0	84.0	24.5	150.0	0.0	0.0	0.0	0.000	0.000	0.000	0.0	0.0		11:39:48:374		
000:01:38.400	149.9	84.0	24.5	149.8	0.0	0.0	0.0	0.000	0.000	0.000	0.0	0.0		11:39:48:574		
000:01:38.600	149.7	84.0	24.5	149.6	0.0	0.0	0.0	0.000	0.000	0.000	0.0	0.0		11:39:48:774		
000:01:38.800	149.3	84.0	24.5	149.2	0.0	0.0	0.0	0.000	0.000	0.000	0.0	0.0		11:39:48:974		
000:01:39.000	148.9	84.0	24.5	148.9	0.0	0.0	0.0	0.000	0.000	0.000	0.0	0.0		11:39:49:174		
000:01:39.200	148.6	84.0	24.5	148.6	0.0	0.0	0.0	0.000	0.000	0.000	0.0	0.0		11:39:49:374		
000:01:39.400	148.4	84.0	24.5	148.4	0.0	0.0	0.0	0.000	0.000	0.000	0.0	0.0		11:39:49:574		
000:01:39.600	148.0	84.0	24.5	148.0	0.0	0.0	0.0	0.000	0.000	0.000	0.0	0.0		11:39:49:774		
000:01:39.800	147.6	84.0	24.5	147.6	0.0	0.0	0.0	0.000	0.000	0.000	0.0	0.0		11:39:49:974		
000:01:40.000	147.4	84.0	24.5	147.4	0.0	0.0	0.0	0.000	0.000	0.000	0.0	0.0		11:39:50:174		
000:01:40.200	147.2	84.0	24.5	147.2	0.0	0.0	0.0	0.000	0.000	0.000	0.0	0.0		11:39:50:374		
000:01:40.400	146.9	84.0	24.5	146.8	0.0	0.0	0.0	0.000	0.000	0.000	0.0	0.0		11:39:50:574		
000:01:40.600	146.4	84.0	24.5	146.3	0.0	0.0	0.0	0.000	0.000	0.000	0.0	0.0		11:39:50:774		
000:01:40.800	146.2	84.0	24.5	146.1	0.0	0.0	0.0	0.000	0.000	0.000	0.0	0.0		11:39:50:974		
000:01:41.000	146.0	84.0	24.5	145.9	0.0	0.0	0.0	0.000	0.000	0.000	0.0	0.0		11:39:51:174		
000:01:41.200	145.6	84.0	24.5	145.6	0.0	0.0	0.0	0.000	0.000	0.000	0.0	0.0		11:39:51:374		
000:01:41.400	145.2	84.0	24.5	145.2	0.0	0.0	0.0	0.000	0.000	0.000	0.0	0.0		11:39:51:574		
000:01:41.600	145.0	84.0	24.5	145.0	0.0	0.0	0.0	0.000	0.000	0.000	0.0	0.0		11:39:51:774		
000:01:41.800	144.8	84.0	24.5	144.8	0.0	0.0	0.0	0.000	0.000	0.000	0.0	0.0		11:39:51:974		
000:01:42.000	144.5	84.0	24.5	144.4	0.0	0.0	0.0	0.000	0.000	0.000	0.0	0.0		11:39:52:174		
000:01:42.200	144.1	84.0	24.5	144.2	0.0	0.0	0.0	0.000	0.000	0.000	0.0	0.0		11:39:52:374		
000:01:42.400	144.0	84.0	24.5	144.0	0.0	0.0	0.0	0.000	0.000	0.000	0.0	0.0		11:39:52:574		
000:01:42.600	143.8	84.0	24.5	143.7	0.0	0.0	0.0	0.000	0.000	0.000	0.0	0.0		11:39:52:774		
000:01:42.800	143.3	84.0	24.5	143.3	0.0	0.0	0.0	0.000	0.000	0.000	0.0	0.0		11:39:52:974		
000:01:43.000	143.0	84.0	24.5	143.0	0.0	0.0	0.0	0.000	0.000	0.000	0.0	0.0		11:39:53:174		
000:01:43.200	142.8	84.0	24.5	142.8	0.0	0.0	0.0	0.000	0.000	0.000	0.0	0.0		11:39:53:374		
000:01:43.400	142.5	84.0	24.5	142.5	0.0	0.0	0.0	0.000	0.000	0.000	0.0	0.0		11:39:53:574		
000:01:43.600	142.2	84.0	24.5	142.2	0.0	0.0	0.0	0.000	0.000	0.000	0.0	0.0		11:39:53:774		
000:01:43.800	142.0	84.0	24.5	142.0	0.0	0.0	0.0	0.000	0.000	0.000	0.0	0.0		11:39:53:974		
000:01:44.000	141.9	84.0	24.5	141.8	0.0	0.0	0.0	0.000	0.000	0.000	0.0	0.0		11:39:54:174		
000:01:44.200	141.5	84.0	24.5	141.5	0.0	0.0	0.0	0.000	0.000	0.000	0.0	0.0		11:39:54:374		
000:01:44.400	141.2	84.0	24.5	141.2	0.0	0.0	0.0	0.000	0.000	0.000	0.0	0.0		11:39:54:574		
000:01:44.600	141.0	84.0	24.5	141.0	0.0	0.0	0.0	0.000	0.000	0.000	0.0	0.0		11:39:54:774		
000:01:44.800	140.8	84.0	24.5	140.7	0.0	0.0	0.0	0.000	0.000	0.000	0.0	0.0		11:39:54:974		
000:01:45.000	140.3	84.0	24.5	140.3	0.0	0.0	0.0	0.000	0.000	0.000	0.0	0.0		11:39:55:174		
000:01:45.200	140.0	84.0	24.5	139.9	0.0	0.0	0.0	0.000	0.000	0.000	0.0	0.0		11:39:55:374		
000:01:45.400	139.8	84.0	24.5	139.6	0.0	0.0	0.0	0.000	0.000	0.000	0.0	0.0		11:39:55:574		
000:01:45.600	139.5	84.0	24.5	139.4	0.0	0.0	0.0	0.000	0.000	0.000	0.0	0.0		11:39:55:774		
000:01:45.800	139.2	84.0	24.5	139.1	0.0	0.0	0.0	0.000	0.000	0.000	0.0	0.0		11:39:55:974		
000:01:46.000	139.0	84.0	24.5	138.9	0.0	0.0	0.0	0.000	0.000	0.000	0.0	0.0		11:39:56:174		
000:01:46.200	138.8	84.0	24.5	138.8	0.0	0.0	0.0	0.000	0.000	0.000	0.0	0.0		11:39:56:374		
000:01:46.400	138.5	84.0	24.5	138.5	0.0	0.0	0.0	0.000	0.000	0.000	0.0	0.0		11:39:56:574		
000:01:46.600	138.4	84.0	24.5	138.4	0.0	0.0	0.0	0.000	0.000	0.000	0.0	0.0		11:39:56:774		
000:01:46.800	138.2	84.0	24.5	138.2	0.0	0.0	0.0	0.000	0.000	0.000	0.0	0.0		11:39:56:974		
000:01:47.000	137.8	84.0	24.5	137.8	0.0	0.0	0.0	0.000	0.000	0.000	0.0	0.0		11:39:57:174		
000:01:47.200	137.6	84.0	24.5	137.5	0.0	0.0	0.0	0.000	0.000	0.000	0.0	0.0		11:39:57:374		
000:01:47.400	137.4	84.0	24.5	137.4	0.0	0.0	0.0	0.000	0.000	0.000	0.0	0.0		11:39:57:574		
000:01:47.600	137.2	84.0	24.5	137.2	0.0	0.0	0.0	0.000	0.000	0.000	0.0	0.0		11:39:57:774		
000:01:47.800	136.9	84.0	24.5	136.9	0.0	0.0	0.0	0.000	0.000	0.000	0.0	0.0		11:39:57:974		
000:01:48.000	136.7	84.0	24.5	136.6	0.0	0.0	0.0	0.000	0.000	0.000	0.0	0.0		11:39:58:174		
000:01:48.200	136.5	84.0	24.5	136.5	0.0	0.0	0.0	0.000	0.000	0.000	0.0	0.0		11:39:58:374		
000:01:48.400	136.4	84.0	24.5	136.4	0.0	0.0	0.0	0.000	0.000	0.000	0.0	0.0		11:39:58:574		
000:01:48.600	136.1	84.0	24.5	136.1	0.0	0.0	0.0	0.000	0.000	0.000	0.0	0.0		11:39:58:774		
000:01:48.800	135.8	84.0	24.5	135.8	0.0	0.0	0.0	0.000	0.000	0.000	0.0	0.0		11:39:58:974		
000:01:49.000	135.7	84.0	24.5	135.7	0.0	0.0	0.0	0.000	0.000	0.000	0.0	0.0		11:39:59:174		
000:01:49.200	135.6	84.0	24.5	135.6	0.0	0.0	0.0	0.000	0.000	0.000	0.0	0.0		11:39:59:374		
000:01:49.400	135.4	84.0	24.5	135.4	0.0	0.0	0.0	0.000	0.000	0.000	0.0	0.0		11:39:59:574		
000:01:49.600	135.1	84.0	24.5	135.1	0.0	0.0	0.0	0.000	0.000	0.000	0.0	0.0		11:39:59:774		
000:01:49.800	135.0	84.0	24.5	135.0	0.0	0.0	0.0	0.000	0.000	0.000	0.0	0.0		11:39:59:974		
000:01:50.000	134.9	84.0	24.5	134.8	0.0	0.0	0.0	0.000	0.000	0.000	0.0	0.0		11:40:00:174		
000:01:50.200	134.6	84.0	24.5	134.5	0.0	0.0	0.0	0.000	0.000	0.000	0.0	0.0		11:40:00:374		
000:01:50.400	134.5	84.0	24.5	134.4	0.0	0.0	0.0	0.000	0.000	0.000	0.0	0.0		11:40:00:574		
000:01:50.600	134.3	84.0	24.5	134.3	0.0	0.0	0.0	0.000	0.000	0.000	0.0	0.0		11:40:00:774		
000:01:50.800	134.1	84.0	24.5	134.1	0.0	0.0	0.0	0.000	0.000	0.000	0.0	0.0		11:40:00:974		
000:01:51.000	133.8	84.0	24.5	133.8	0.0	0.0	0.0	0.000	0.000	0.000	0.0	0.0		11:40:01:174		
000:01:51.200	133.6	84.0	24.5	133.6	0.0	0.0	0.0	0.000	0.000	0.000	0.0	0.0		11:40:01:374		
000:01:51.400	133.5	84.0	24.5	133.5	0.0	0.0	0.0	0.000	0.000	0.000	0.0	0.0		11:40:01:574		
000:01:51.600	133.3	84.0	24.5	133.3	0.0	0.0	0.0	0.000	0.000	0.000	0.0	0.0		11:40:01:774		
000:01:51.800	133.0	84.0	24.5	133.0	0.0	0.0	0.0	0.000	0.000	0.000	0.0	0.0		11:40:01:974		
000:01:52.000	132.9	84.0	24.5	132.9	0.0	0.0	0.0	0.000	0.000	0.000	0.0	0.0		11:40:02:174		
000:01:52.200	132.8	84.0	24.5	132.8	0.0	0.0	0.0	0.000	0.000	0.000	0.0	0.0		11:40:02:374		
000:01:52.400	132.5	84.0	24.5	132.5	0.0	0.0	0.0	0.000	0.000	0.000	0.0	0.0		11:40:02:574		
000:01:52.600	132.3	84.0	24.5	132.3	0.0	0.0	0.0	0.000	0.000	0.000	0.0	0.0		11:40:02:774		
000:01:52.800	132.1	84.0	24.5	132.1	0.0	0.0	0.0	0.000	0.000	0.000	0.0	0.0		11:40:02:974		
000:01:53.000	132.0	84.0	24.5	132.0	0.0	0.0	0.0	0.000	0.000	0.000	0.0	0.0		11:40:03:174		
000:01:53.200	131.8	84.0	24.5	131.8	0.0	0.0	0.0	0.000	0.000	0.000	0.0	0.0		11:40:03:374		
000:01:53.400	131.7	84.0	24.5	131.7	0.0	0.0	0.0	0.000	0.000	0.000	0.0	0.0		11:40:03:574		
000:01:53.600	131.6	84.0	24.5	131.6	0.0	0.0	0.0	0.000	0.000	0.000	0.0	0.0		11:40:03:774		
000:01:53.800	131.4	84.0	24.5	131.4	0.0	0.0	0.0	0.000	0.000	0.000	0.0	0.0		11:40:03:974		
000:01:54.000	131.1	84.0	24.5	131.1	0.0	0.0	0.0	0.000	0.000	0.000	0.0	0.0		11:40:04:174		
000:01:54.200	130.9	84.0	24.5	130.9	0.0	0.0	0.0	0.000	0.000	0.000	0.0	0.0		11:40:04:374		
000:01:54.400	130.8	84.0	24.5	130.8	0.0	0.0	0.0	0.000	0.000	0.000	0.0	0.0		11:40:04:574		
000:01:54.600	130.7	84.0	24.5	130.6	0.0	0.0	0.0	0.000	0.000	0.000	0.0	0.0		11:40:04:774		
000:01:54.800	130.5	84.0	24.5	130.4	0.0	0.0	0.0	0.000	0.000	0.000	0.0	0.0		11:40:04:974		
000:01:55.000	130.2	84.0	24.5	130.2	0.0	0.0	0.0	0.000	0.000	0.000	0.0	0.0		11:40:05:174		
000:01:55.200	130.0	84.0	24.5	130.0	0.0	0.0	0.0	0.000	0.000	0.000	0.0	0.0		11:40:05:374		
000:01:55.400	129.9	84.0	24.5	129.9	0.0	0.0	0.0	0.000	0.000	0.000	0.0	0.0		11:40:05:574		
000:01:55.600	129.8	84.0	24.5	129.7	0.0	0.0	0.0	0.000	0.000	0.000	0.0	0.0		11:40:05:774		
000:01:55.800	129.6	84.0	24.5	129.5	0.0	0.0	0.0	0.000	0.000	0.000	0.0	0.0		11:40:05:974		
000:01:56.000	129.5	84.0	24.5	129.4	0.0	0.0	0.0	0.000	0.000	0.000	0.0	0.0		11:40:06:174		
000:01:56.200	129.3	84.0	24.5	129.3	0.0	0.0	0.0	0.000	0.000	0.000	0.0	0.0		11:40:06:374		
000:01:56.400	129.1	84.0	24.5	129.0	0.0	0.0	0.0	0.000	0.000	0.000	0.0	0.0		11:40:06:574		
000:01:56.600	129.0	84.0	24.5	128.9	0.0	0.0	0.0	0.000	0.000	0.000	0.0	0.0		11:40:06:774		
000:01:56.800	128.9	84.0	24.5	128.9	0.0	0.0	0.0	0.000	0.000	0.000	0.0	0.0		11:40:06:974		
000:01:57.000	128.7	84.0	24.5	128.7	0.0	0.0	0.0	0.000	0.000	0.000	0.0	0.0		11:40:07:174		
000:01:57.200	128.5	83.9	24.5	128.4	0.0	0.0	0.0	0.000	0.000	0.000	0.0	0.0		11:40:07:374		
000:01:57.400	128.4	83.9	24.5	128.3	0.0	0.0	0.0	0.000	0.000	0.000	0.0	0.0		11:40:07:574		
000:01:57.600	128.2	83.9	24.5	128.2	0.0	0.0	0.0	0.000	0.000	0.000	0.0	0.0		11:40:07:774		
000:01:57.800	128.0	83.9	24.5	127.9	0.0	0.0	0.0	0.000	0.000	0.000	0.0	0.0		11:40:07:974		
000:01:58.000	127.6	83.9	24.5	127.6	0.0	0.0	0.0	0.000	0.000	0.000	0.0	0.0		11:40:08:174		
000:01:58.200	127.5	83.9	24.5	127.5	0.0	0.0	0.0	0.000	0.000	0.000	0.0	0.0		11:40:08:374		
000:01:58.400	127.4	83.9	24.5	127.4	0.0	0.0	0.0	0.000	0.000	0.000	0.0	0.0		11:40:08:574		
000:01:58.600	127.3	83.9	24.5	127.2	0.0	0.0	0.0	0.000	0.000	0.000	0.0	0.0		11:40:08:774		
000:01:58.800	127.1	83.9	24.5	127.0	0.0	0.0	0.0	0.000	0.000	0.000	0.0	0.0		11:40:08:974		
000:01:59.000	126.9	83.9	24.5	126.9	0.0	0.0	0.0	0.000	0.000	0.000	0.0	0.0		11:40:09:174		
000:01:59.200	126.8	83.9	24.5	126.8	0.0	0.0	0.0	0.000	0.000	0.000	0.0	0.0		11:40:09:374		
000:01:59.400	126.6	83.9	24.5	126.6	0.0	0.0	0.0	0.000	0.000	0.000	0.0	0.0		11:40:09:574		
000:01:59.600	126.3	83.9	24.5	126.3	0.0	0.0	0.0	0.000	0.000	0.000	0.0	0.0		11:40:09:774		
000:01:59.800	126.2	83.9	24.5	126.2	0.0	0.0	0.0	0.000	0.000	0.000	0.0	0.0		11:40:09:974		
000:02:00.000	126.1	83.9	24.5	126.1	0.0	0.0	0.0	0.000	0.000	0.000	0.0	0.0		11:40:10:174		
000:02:00.200	125.9	83.9	24.5	125.9	0.0	0.0	0.0	0.000	0.000	0.000	0.0	0.0		11:40:10:374		
000:02:00.400	125.7	83.9	24.5	125.6	0.0	0.0	0.0	0.000	0.000	0.000	0.0	0.0		11:40:10:574		
000:02:00.600	125.6	83.9	24.5	125.6	0.0	0.0	0.0	0.000	0.000	0.000	0.0	0.0		11:40:10:774		
000:02:00.800	125.5	83.9	24.5	125.5	0.0	0.0	0.0	0.000	0.000	0.000	0.0	0.0		11:40:10:974		
000:02:01.000	125.3	83.9	24.5	125.4	0.0	0.0	0.0	0.000	0.000	0.000	0.0	0.0		11:40:11:174		
000:02:01.200	125.1	83.9	24.5	125.1	0.0	0.0	0.0	0.000	0.000	0.000	0.0	0.0		11:40:11:374		
000:02:01.400	125.0	83.9	24.5	125.0	0.0	0.0	0.0	0.000	0.000	0.000	0.0	0.0		11:40:11:574		
000:02:01.600	124.9	83.9	24.5	124.9	0.0	0.0	0.0	0.000	0.000	0.000	0.0	0.0		11:40:11:774		
000:02:01.800	124.7	83.9	24.5	124.7	0.0	0.0	0.0	0.000	0.000	0.000	0.0	0.0		11:40:11:974		
000:02:02.000	124.7	83.9	24.5	124.7	0.0	0.0	0.0	0.000	0.000	0.000	0.0	0.0		11:40:12:174		
000:02:02.200	124.6	83.9	24.5	124.6	0.0	0.0	0.0	0.000	0.000	0.000	0.0	0.0		11:40:12:374		
000:02:02.400	124.3	83.9	24.5	124.3	0.0	0.0	0.0	0.000	0.000	0.000	0.0	0.0		11:40:12:574		
000:02:02.600	124.0	83.9	24.5	124.0	0.0	0.0	0.0	0.000	0.000	0.000	0.0	0.0		11:40:12:774		
000:02:02.800	124.0	83.9	24.5	123.9	0.0	0.0	0.0	0.000	0.000	0.000	0.0	0.0		11:40:12:974		
000:02:03.000	123.9	83.9	24.5	123.8	0.0	0.0	0.0	0.000	0.000	0.000	0.0	0.0		11:40:13:174		
000:02:03.200	123.7	83.9	24.5	123.6	0.0	0.0	0.0	0.000	0.000	0.000	0.0	0.0		11:40:13:374		
000:02:03.400	123.6	83.9	24.5	123.6	0.0	0.0	0.0	0.000	0.000	0.000	0.0	0.0		11:40:13:574		
000:02:03.600	123.5	83.9	24.5	123.5	0.0	0.0	0.0	0.000	0.000	0.000	0.0	0.0		11:40:13:774		
000:02:03.800	123.3	83.9	24.5	123.3	0.0	0.0	0.0	0.000	0.000	0.000	0.0	0.0		11:40:13:974		
000:02:04.000	123.2	83.9	24.5	123.2	0.0	0.0	0.0	0.000	0.000	0.000	0.0	0.0		11:40:14:174		
000:02:04.200	123.1	83.9	24.5	123.1	0.0	0.0	0.0	0.000	0.000	0.000	0.0	0.0		11:40:14:374		
000:02:04.400	123.0	83.9	24.5	123.0	0.0	0.0	0.0	0.000	0.000	0.000	0.0	0.0		11:40:14:574		
000:02:04.600	122.9	83.9	24.5	122.9	0.0	0.0	0.0	0.000	0.000	0.000	0.0	0.0		11:40:14:774		
000:02:04.800	122.6	83.9	24.5	122.6	0.0	0.0	0.0	0.000	0.000	0.000	0.0	0.0		11:40:14:974		
000:02:05.000	122.6	83.9	24.5	122.6	0.0	0.0	0.0	0.000	0.000	0.000	0.0	0.0		11:40:15:174		
000:02:05.200	122.6	83.9	24.5	122.6	0.0	0.0	0.0	0.000	0.000	0.000	0.0	0.0		11:40:15:374		
000:02:05.400	122.4	83.9	24.5	122.4	0.0	0.0	0.0	0.000	0.000	0.000	0.0	0.0		11:40:15:574		
000:02:05.600	122.2	83.9	24.5	122.2	0.0	0.0	0.0	0.000	0.000	0.000	0.0	0.0		11:40:15:774		
000:02:05.800	122.1	83.9	24.5	122.1	0.0	0.0	0.0	0.000	0.000	0.000	0.0	0.0		11:40:15:974		
000:02:06.000	122.1	83.9	24.5	122.1	0.0	0.0	0.0	0.000	0.000	0.000	0.0	0.0		11:40:16:174		
000:02:06.200	122.0	83.9	24.5	121.9	0.0	0.0	0.0	0.000	0.000	0.000	0.0	0.0		11:40:16:374		
000:02:06.400	121.8	83.9	24.5	121.8	0.0	0.0	0.0	0.000	0.000	0.000	0.0	0.0		11:40:16:574		
000:02:06.600	121.8	83.9	24.5	121.7	0.0	0.0	0.0	0.000	0.000	0.000	0.0	0.0		11:40:16:774		
000:02:06.800	121.7	83.9	24.5	121.6	0.0	0.0	0.0	0.000	0.000	0.000	0.0	0.0		11:40:16:974		
000:02:07.000	121.4	83.9	24.5	121.3	0.0	0.0	0.0	0.000	0.000	0.000	0.0	0.0		11:40:17:174		
000:02:07.200	121.3	83.9	24.5	121.2	0.0	0.0	0.0	0.000	0.000	0.000	0.0	0.0		11:40:17:374		
000:02:07.400	121.2	83.9	24.5	121.1	0.0	0.0	0.0	0.000	0.000	0.000	0.0	0.0		11:40:17:574		
000:02:07.600	120.8	83.9	24.5	120.8	0.0	0.0	0.0	0.000	0.000	0.000	0.0	0.0		11:40:17:774		
000:02:07.800	120.4	83.9	24.5	120.4	0.0	0.0	0.0	0.000	0.000	0.000	0.0	0.0		11:40:17:974		
000:02:08.000	120.0	83.9	24.5	119.9	0.0	0.0	0.0	0.000	0.000	0.000	0.0	0.0		11:40:18:174		
000:02:08.200	119.5	83.9	24.5	119.3	0.0	0.0	0.0	0.000	0.000	0.000	0.0	0.0		11:40:18:374		
000:02:08.400	118.1	83.9	24.5	117.9	0.0	0.0	0.0	0.000	0.000	0.000	0.0	0.0		11:40:18:574		
000:02:08.600	116.7	83.9	24.5	116.5	0.0	0.0	0.0	0.000	0.000	0.000	0.0	0.0		11:40:18:774		
000:02:08.800	107.4	83.9	24.5	106.9	0.0	0.0	0.0	0.000	0.000	0.000	0.0	0.0		11:40:18:974		
000:02:09.000	98.1	83.9	24.5	97.4	0.0	0.0	0.0	0.000	0.000	0.000	0.0	0.0		11:40:19:174		
000:02:09.200	96.4	83.9	24.5	96.4	0.0	0.0	0.0	0.000	0.000	0.000	0.0	0.0		11:40:19:374		
000:02:09.400	96.2	83.9	24.5	96.2	0.0	0.0	0.0	0.000	0.000	0.000	0.0	0.0		11:40:19:574		
000:02:09.600	96.1	83.9	24.5	96.1	0.0	0.0	0.0	0.000	0.000	0.000	0.0	0.0		11:40:19:774		
000:02:09.800	96.1	83.9	24.5	96.1	0.0	0.0	0.0	0.000	0.000	0.000	0.0	0.0		11:40:19:974		
000:02:10.000	95.8	83.9	24.5	95.8	0.0	0.0	0.0	0.000	0.000	0.000	0.0	0.0		11:40:20:174		
000:02:10.200	96.1	83.9	24.5	96.1	0.0	0.0	0.0	0.000	0.000	0.000	0.0	0.0		11:40:20:374		
000:02:10.400	96.2	83.9	24.5	96.3	0.0	0.0	0.0	0.000	0.000	0.000	0.0	0.0		11:40:20:574		
000:02:10.600	96.3	83.9	24.5	96.5	0.0	0.0	0.0	0.000	0.000	0.000	0.0	0.0		11:40:20:774		
000:02:10.800	96.9	83.9	24.5	97.0	0.0	0.0	0.0	0.000	0.000	0.000	0.0	0.0		11:40:20:974		
000:02:11.000	97.2	83.9	24.5	97.3	0.0	0.0	0.0	0.000	0.000	0.000	0.0	0.0		11:40:21:174		
000:02:11.200	97.3	83.9	24.5	97.5	0.0	0.0	0.0	0.000	0.000	0.000	0.0	0.0		11:40:21:374		
000:02:11.400	97.5	83.9	24.5	97.7	0.0	0.0	0.0	0.000	0.000	0.000	0.0	0.0		11:40:21:574		
000:02:11.600	98.6	83.9	24.5	98.6	0.0	0.0	0.0	0.000	0.000	0.000	0.0	0.0		11:40:21:774		
000:02:11.800	99.1	83.9	24.5	99.1	0.0	0.0	0.0	0.000	0.000	0.000	0.0	0.0		11:40:21:974		
000:02:12.000	99.1	83.9	24.5	99.2	0.0	0.0	0.0	0.000	0.000	0.000	0.0	0.0		11:40:22:174		
000:02:12.200	99.2	83.9	24.5	99.3	0.0	0.0	0.0	0.000	0.000	0.000	0.0	0.0		11:40:22:374		
000:02:12.400	99.1	83.9	24.5	99.1	0.0	0.0	0.0	0.000	0.000	0.000	0.0	0.0		11:40:22:574		
000:02:12.600	98.9	83.9	24.5	98.9	0.0	0.0	0.0	0.000	0.000	0.000	0.0	0.0		11:40:22:774		
000:02:12.800	98.7	83.9	24.5	98.7	0.0	0.0	0.0	0.000	0.000	0.000	0.0	0.0		11:40:22:974		
000:02:13.000	98.5	83.9	24.5	98.5	0.0	0.0	0.0	0.000	0.000	0.000	0.0	0.0		11:40:23:174		
000:02:13.200	98.0	83.9	24.5	97.9	0.0	0.0	0.0	0.000	0.000	0.000	0.0	0.0		11:40:23:374		
000:02:13.400	97.8	83.9	24.5	97.7	0.0	0.0	0.0	0.000	0.000	0.000	0.0	0.0		11:40:23:574		
000:02:13.600	97.6	83.9	24.5	97.5	0.0	0.0	0.0	0.000	0.000	0.000	0.0	0.0		11:40:23:774		
000:02:13.800	97.6	83.9	24.5	97.5	0.0	0.0	0.0	0.000	0.000	0.000	0.0	0.0		11:40:23:974		
000:02:14.000	97.5	83.9	24.5	97.5	0.0	0.0	0.0	0.000	0.000	0.000	0.0	0.0		11:40:24:174		
000:02:14.200	97.5	83.9	24.5	97.5	0.0	0.0	0.0	0.000	0.000	0.000	0.0	0.0		11:40:24:374		
000:02:14.400	97.5	83.9	24.5	97.5	0.0	0.0	0.0	0.000	0.000	0.000	0.0	0.0		11:40:24:574		
000:02:14.600	97.5	83.9	24.5	97.6	0.0	0.0	0.0	0.000	0.000	0.000	0.0	0.0		11:40:24:774		
000:02:14.800	97.6	83.9	24.5	97.5	0.0	0.0	0.0	0.000	0.000	0.000	0.0	0.0		11:40:24:974		
000:02:15.000	97.6	83.9	24.5	97.6	0.0	0.0	0.0	0.000	0.000	0.000	0.0	0.0		11:40:25:174		
000:02:15.200	97.6	83.9	24.5	97.6	0.0	0.0	0.0	0.000	0.000	0.000	0.0	0.0		11:40:25:374		
000:02:15.400	97.5	83.9	24.5	97.6	0.0	0.0	0.0	0.000	0.000	0.000	0.0	0.0		11:40:25:574		
000:02:15.600	97.6	83.9	24.5	97.6	0.0	0.0	0.0	0.000	0.000	0.000	0.0	0.0		11:40:25:774		
000:02:15.800	97.6	83.9	24.5	97.6	0.0	0.0	0.0	0.000	0.000	0.000	0.0	0.0		11:40:25:974		
000:02:16.000	97.6	83.9	24.5	97.5	0.0	0.0	0.0	0.000	0.000	0.000	0.0	0.0		11:40:26:174		
000:02:16.200	97.6	83.9	24.5	97.6	0.0	0.0	0.0	0.000	0.000	0.000	0.0	0.0		11:40:26:374		
000:02:16.400	97.5	83.9	24.5	97.5	0.0	0.0	0.0	0.000	0.000	0.000	0.0	0.0		11:40:26:574		
000:02:16.600	97.5	83.9	24.5	97.5	0.0	0.0	0.0	0.000	0.000	0.000	0.0	0.0		11:40:26:774		
000:02:16.800	97.6	83.9	24.5	97.6	0.0	0.0	0.0	0.000	0.000	0.000	0.0	0.0		11:40:26:974		
000:02:17.000	97.6	83.9	24.5	97.5	0.0	0.0	0.0	0.000	0.000	0.000	0.0	0.0		11:40:27:174		
000:02:17.200	97.6	83.9	24.5	97.5	0.0	0.0	0.0	0.000	0.000	0.000	0.0	0.0		11:40:27:374		
000:02:17.400	97.6	83.9	24.5	97.5	0.0	0.0	0.0	0.000	0.000	0.000	0.0	0.0		11:40:27:574		
000:02:17.600	97.6	83.9	24.5	97.6	0.0	0.0	0.0	0.000	0.000	0.000	0.0	0.0		11:40:27:774		
000:02:17.800	97.6	83.9	24.5	97.5	0.0	0.0	0.0	0.000	0.000	0.000	0.0	0.0		11:40:27:974		
---------------------------------
End of File
