[Connect DataFile][2.1]
Date:	4/21/2022
Time:	14:13:15
Unit:	°C
Resolution:	0.200/0.100
Values:	12
SnapshotTrigger:	0	0.0
MeasurementTrigger:	0	0.0
Time	TProc	TInt	TBox	TAvg	T_2C	T_1C	Attenuation	Eps.	Value	Vcc	TAmb	TAct	CompressionIdx	Time absolute	ImageIdx	ImageValue
000:00:00.000	94.1	74.4	29.0	93.9	0.0	0.0	0.0	0.000	0.000	0.000	0.0	0.0		14:13:15:043		
000:00:00.200	94.1	74.4	29.0	93.9	0.0	0.0	0.0	0.000	0.000	0.000	0.0	0.0		14:13:15:243		
000:00:00.400	94.1	74.4	29.0	93.9	0.0	0.0	0.0	0.000	0.000	0.000	0.0	0.0		14:13:15:443		
000:00:00.600	95.0	74.4	29.0	95.0	0.0	0.0	0.0	0.000	0.000	0.000	0.0	0.0		14:13:15:643		
000:00:00.800	94.6	74.4	29.0	94.6	0.0	0.0	0.0	0.000	0.000	0.000	0.0	0.0		14:13:15:843		
000:00:01.000	94.8	74.4	29.0	94.8	0.0	0.0	0.0	0.000	0.000	0.000	0.0	0.0		14:13:16:043		
000:00:01.200	95.0	74.4	29.0	95.0	0.0	0.0	0.0	0.000	0.000	0.000	0.0	0.0		14:13:16:243		
000:00:01.400	95.4	74.4	29.0	95.5	0.0	0.0	0.0	0.000	0.000	0.000	0.0	0.0		14:13:16:443		
000:00:01.600	95.4	74.4	29.0	95.4	0.0	0.0	0.0	0.000	0.000	0.000	0.0	0.0		14:13:16:643		
000:00:01.800	95.3	74.4	29.0	95.3	0.0	0.0	0.0	0.000	0.000	0.000	0.0	0.0		14:13:16:843		
000:00:02.000	95.5	74.4	29.0	95.5	0.0	0.0	0.0	0.000	0.000	0.000	0.0	0.0		14:13:17:043		
000:00:02.200	95.5	74.4	29.0	95.5	0.0	0.0	0.0	0.000	0.000	0.000	0.0	0.0		14:13:17:243		
000:00:02.400	95.5	74.4	29.0	95.5	0.0	0.0	0.0	0.000	0.000	0.000	0.0	0.0		14:13:17:443		
000:00:02.600	95.5	74.4	29.0	95.5	0.0	0.0	0.0	0.000	0.000	0.000	0.0	0.0		14:13:17:643		
000:00:02.800	95.5	74.4	29.0	95.5	0.0	0.0	0.0	0.000	0.000	0.000	0.0	0.0		14:13:17:843		
000:00:03.000	95.3	74.4	29.0	95.3	0.0	0.0	0.0	0.000	0.000	0.000	0.0	0.0		14:13:18:043		
000:00:03.200	95.1	74.4	29.0	95.0	0.0	0.0	0.0	0.000	0.000	0.000	0.0	0.0		14:13:18:243		
000:00:03.400	93.7	74.4	29.0	93.6	0.0	0.0	0.0	0.000	0.000	0.000	0.0	0.0		14:13:18:443		
000:00:03.600	94.6	74.5	29.0	94.6	0.0	0.0	0.0	0.000	0.000	0.000	0.0	0.0		14:13:18:643		
000:00:03.800	95.1	74.5	29.0	95.1	0.0	0.0	0.0	0.000	0.000	0.000	0.0	0.0		14:13:18:843		
000:00:04.000	95.5	74.5	29.0	95.5	0.0	0.0	0.0	0.000	0.000	0.000	0.0	0.0		14:13:19:043		
000:00:04.200	95.6	74.5	29.0	95.5	0.0	0.0	0.0	0.000	0.000	0.000	0.0	0.0		14:13:19:243		
000:00:04.400	95.1	74.5	29.0	94.9	0.0	0.0	0.0	0.000	0.000	0.000	0.0	0.0		14:13:19:443		
000:00:04.600	94.4	74.5	29.0	94.3	0.0	0.0	0.0	0.000	0.000	0.000	0.0	0.0		14:13:19:643		
000:00:04.800	93.7	74.5	29.0	93.6	0.0	0.0	0.0	0.000	0.000	0.000	0.0	0.0		14:13:19:843		
000:00:05.000	94.4	74.5	29.0	94.5	0.0	0.0	0.0	0.000	0.000	0.000	0.0	0.0		14:13:20:043		
000:00:05.200	95.4	74.5	29.0	95.5	0.0	0.0	0.0	0.000	0.000	0.000	0.0	0.0		14:13:20:243		
000:00:05.400	95.4	74.5	29.0	95.6	0.0	0.0	0.0	0.000	0.000	0.000	0.0	0.0		14:13:20:443		
000:00:05.600	95.5	74.5	29.0	95.6	0.0	0.0	0.0	0.000	0.000	0.000	0.0	0.0		14:13:20:643		
000:00:05.800	95.5	74.5	29.0	95.5	0.0	0.0	0.0	0.000	0.000	0.000	0.0	0.0		14:13:20:843		
000:00:06.000	93.7	74.5	29.0	93.7	0.0	0.0	0.0	0.000	0.000	0.000	0.0	0.0		14:13:21:043		
000:00:06.200	93.6	74.5	29.0	93.7	0.0	0.0	0.0	0.000	0.000	0.000	0.0	0.0		14:13:21:243		
000:00:06.400	93.6	74.5	29.0	93.7	0.0	0.0	0.0	0.000	0.000	0.000	0.0	0.0		14:13:21:443		
000:00:06.600	93.9	74.5	29.0	93.9	0.0	0.0	0.0	0.000	0.000	0.000	0.0	0.0		14:13:21:643		
000:00:06.800	94.4	74.5	29.0	94.4	0.0	0.0	0.0	0.000	0.000	0.000	0.0	0.0		14:13:21:843		
000:00:07.000	94.5	74.5	29.0	94.5	0.0	0.0	0.0	0.000	0.000	0.000	0.0	0.0		14:13:22:043		
000:00:07.200	94.6	74.5	29.0	94.6	0.0	0.0	0.0	0.000	0.000	0.000	0.0	0.0		14:13:22:243		
000:00:07.400	94.9	74.5	29.0	94.9	0.0	0.0	0.0	0.000	0.000	0.000	0.0	0.0		14:13:22:443		
000:00:07.600	95.2	74.5	29.0	95.3	0.0	0.0	0.0	0.000	0.000	0.000	0.0	0.0		14:13:22:643		
000:00:07.800	95.3	74.5	29.0	95.3	0.0	0.0	0.0	0.000	0.000	0.000	0.0	0.0		14:13:22:843		
000:00:08.000	95.3	74.5	29.0	95.3	0.0	0.0	0.0	0.000	0.000	0.000	0.0	0.0		14:13:23:043		
000:00:08.200	95.5	74.5	29.0	95.5	0.0	0.0	0.0	0.000	0.000	0.000	0.0	0.0		14:13:23:243		
000:00:08.400	95.5	74.5	29.0	95.5	0.0	0.0	0.0	0.000	0.000	0.000	0.0	0.0		14:13:23:443		
000:00:08.600	95.5	74.5	29.0	95.5	0.0	0.0	0.0	0.000	0.000	0.000	0.0	0.0		14:13:23:643		
000:00:08.800	95.5	74.5	29.0	95.5	0.0	0.0	0.0	0.000	0.000	0.000	0.0	0.0		14:13:23:843		
000:00:09.000	95.5	74.5	29.0	95.5	0.0	0.0	0.0	0.000	0.000	0.000	0.0	0.0		14:13:24:043		
000:00:09.200	95.5	74.5	29.0	95.5	0.0	0.0	0.0	0.000	0.000	0.000	0.0	0.0		14:13:24:243		
000:00:09.400	95.5	74.5	29.0	95.5	0.0	0.0	0.0	0.000	0.000	0.000	0.0	0.0		14:13:24:443		
000:00:09.600	94.9	74.5	29.0	94.7	0.0	0.0	0.0	0.000	0.000	0.000	0.0	0.0		14:13:24:643		
000:00:09.800	93.5	74.5	29.0	93.6	0.0	0.0	0.0	0.000	0.000	0.000	0.0	0.0		14:13:24:843		
000:00:10.000	94.0	74.5	29.0	94.2	0.0	0.0	0.0	0.000	0.000	0.000	0.0	0.0		14:13:25:043		
000:00:10.200	94.6	74.5	29.0	94.7	0.0	0.0	0.0	0.000	0.000	0.000	0.0	0.0		14:13:25:243		
000:00:10.400	95.5	74.5	29.0	95.5	0.0	0.0	0.0	0.000	0.000	0.000	0.0	0.0		14:13:25:443		
000:00:10.600	95.5	74.5	29.0	95.5	0.0	0.0	0.0	0.000	0.000	0.000	0.0	0.0		14:13:25:643		
000:00:10.800	95.0	74.5	29.0	95.0	0.0	0.0	0.0	0.000	0.000	0.000	0.0	0.0		14:13:25:843		
000:00:11.000	94.6	74.5	29.0	94.6	0.0	0.0	0.0	0.000	0.000	0.000	0.0	0.0		14:13:26:043		
000:00:11.200	93.4	74.5	29.0	93.4	0.0	0.0	0.0	0.000	0.000	0.000	0.0	0.0		14:13:26:243		
000:00:11.400	94.4	74.5	29.0	94.5	0.0	0.0	0.0	0.000	0.000	0.000	0.0	0.0		14:13:26:443		
000:00:11.600	94.9	74.5	29.0	95.0	0.0	0.0	0.0	0.000	0.000	0.000	0.0	0.0		14:13:26:643		
000:00:11.800	95.5	74.5	29.0	95.5	0.0	0.0	0.0	0.000	0.000	0.000	0.0	0.0		14:13:26:843		
000:00:12.000	95.5	74.5	29.0	95.5	0.0	0.0	0.0	0.000	0.000	0.000	0.0	0.0		14:13:27:043		
000:00:12.200	95.4	74.5	29.0	95.4	0.0	0.0	0.0	0.000	0.000	0.000	0.0	0.0		14:13:27:243		
000:00:12.400	95.4	74.5	29.0	95.3	0.0	0.0	0.0	0.000	0.000	0.000	0.0	0.0		14:13:27:443		
000:00:12.600	94.3	74.5	29.0	94.3	0.0	0.0	0.0	0.000	0.000	0.000	0.0	0.0		14:13:27:643		
000:00:12.800	93.8	74.5	29.0	93.7	0.0	0.0	0.0	0.000	0.000	0.000	0.0	0.0		14:13:27:843		
000:00:13.000	93.9	74.5	29.0	93.8	0.0	0.0	0.0	0.000	0.000	0.000	0.0	0.0		14:13:28:043		
000:00:13.200	94.1	74.5	29.0	94.0	0.0	0.0	0.0	0.000	0.000	0.000	0.0	0.0		14:13:28:243		
000:00:13.400	94.1	74.5	29.0	94.2	0.0	0.0	0.0	0.000	0.000	0.000	0.0	0.0		14:13:28:443		
000:00:13.600	94.4	74.5	29.0	94.3	0.0	0.0	0.0	0.000	0.000	0.000	0.0	0.0		14:13:28:643		
000:00:13.800	94.7	74.5	29.0	94.7	0.0	0.0	0.0	0.000	0.000	0.000	0.0	0.0		14:13:28:843		
000:00:14.000	95.0	74.5	29.0	95.1	0.0	0.0	0.0	0.000	0.000	0.000	0.0	0.0		14:13:29:043		
000:00:14.200	94.9	74.5	29.0	95.0	0.0	0.0	0.0	0.000	0.000	0.000	0.0	0.0		14:13:29:243		
000:00:14.400	95.4	74.5	29.0	95.4	0.0	0.0	0.0	0.000	0.000	0.000	0.0	0.0		14:13:29:443		
000:00:14.600	95.4	74.5	29.0	95.4	0.0	0.0	0.0	0.000	0.000	0.000	0.0	0.0		14:13:29:643		
000:00:14.800	95.4	74.5	29.0	95.4	0.0	0.0	0.0	0.000	0.000	0.000	0.0	0.0		14:13:29:843		
000:00:15.000	95.4	74.5	29.0	95.4	0.0	0.0	0.0	0.000	0.000	0.000	0.0	0.0		14:13:30:043		
000:00:15.200	95.4	74.5	29.0	95.4	0.0	0.0	0.0	0.000	0.000	0.000	0.0	0.0		14:13:30:243		
000:00:15.400	95.4	74.5	29.0	95.4	0.0	0.0	0.0	0.000	0.000	0.000	0.0	0.0		14:13:30:443		
000:00:15.600	95.4	74.5	29.0	95.5	0.0	0.0	0.0	0.000	0.000	0.000	0.0	0.0		14:13:30:643		
000:00:15.800	95.4	74.5	29.0	95.4	0.0	0.0	0.0	0.000	0.000	0.000	0.0	0.0		14:13:30:843		
000:00:16.000	94.7	74.5	29.0	94.6	0.0	0.0	0.0	0.000	0.000	0.000	0.0	0.0		14:13:31:043		
000:00:16.200	94.1	74.5	29.0	94.1	0.0	0.0	0.0	0.000	0.000	0.000	0.0	0.0		14:13:31:243		
000:00:16.400	93.4	74.5	29.0	93.5	0.0	0.0	0.0	0.000	0.000	0.000	0.0	0.0		14:13:31:443		
000:00:16.600	94.6	74.6	29.0	94.7	0.0	0.0	0.0	0.000	0.000	0.000	0.0	0.0		14:13:31:643		
000:00:16.800	95.5	74.6	29.0	95.5	0.0	0.0	0.0	0.000	0.000	0.000	0.0	0.0		14:13:31:843		
000:00:17.000	95.4	74.6	29.0	95.4	0.0	0.0	0.0	0.000	0.000	0.000	0.0	0.0		14:13:32:043		
000:00:17.200	95.4	74.6	29.0	95.4	0.0	0.0	0.0	0.000	0.000	0.000	0.0	0.0		14:13:32:243		
000:00:17.400	94.6	74.6	29.0	94.4	0.0	0.0	0.0	0.000	0.000	0.000	0.0	0.0		14:13:32:443		
000:00:17.600	93.3	74.6	29.0	93.5	0.0	0.0	0.0	0.000	0.000	0.000	0.0	0.0		14:13:32:643		
000:00:17.800	93.8	74.6	29.0	94.0	0.0	0.0	0.0	0.000	0.000	0.000	0.0	0.0		14:13:32:843		
000:00:18.000	94.3	74.6	29.0	94.5	0.0	0.0	0.0	0.000	0.000	0.000	0.0	0.0		14:13:33:043		
000:00:18.200	95.4	74.6	29.0	95.4	0.0	0.0	0.0	0.000	0.000	0.000	0.0	0.0		14:13:33:243		
000:00:18.400	95.4	74.6	29.0	95.4	0.0	0.0	0.0	0.000	0.000	0.000	0.0	0.0		14:13:33:443		
000:00:18.600	95.5	74.6	29.0	95.4	0.0	0.0	0.0	0.000	0.000	0.000	0.0	0.0		14:13:33:643		
000:00:18.800	95.1	74.6	29.0	94.9	0.0	0.0	0.0	0.000	0.000	0.000	0.0	0.0		14:13:33:843		
000:00:19.000	93.5	74.6	29.0	93.5	0.0	0.0	0.0	0.000	0.000	0.000	0.0	0.0		14:13:34:043		
000:00:19.200	93.6	74.6	29.0	93.7	0.0	0.0	0.0	0.000	0.000	0.000	0.0	0.0		14:13:34:243		
000:00:19.400	93.7	74.6	29.0	93.8	0.0	0.0	0.0	0.000	0.000	0.000	0.0	0.0		14:13:34:443		
000:00:19.600	93.8	74.6	29.0	93.8	0.0	0.0	0.0	0.000	0.000	0.000	0.0	0.0		14:13:34:643		
000:00:19.800	94.1	74.6	29.0	94.1	0.0	0.0	0.0	0.000	0.000	0.000	0.0	0.0		14:13:34:843		
000:00:20.000	94.3	74.6	29.0	94.4	0.0	0.0	0.0	0.000	0.000	0.000	0.0	0.0		14:13:35:043		
000:00:20.200	94.6	74.6	29.0	94.7	0.0	0.0	0.0	0.000	0.000	0.000	0.0	0.0		14:13:35:243		
000:00:20.400	94.7	74.6	29.0	94.8	0.0	0.0	0.0	0.000	0.000	0.000	0.0	0.0		14:13:35:443		
000:00:20.600	95.3	74.6	29.0	95.3	0.0	0.0	0.0	0.000	0.000	0.000	0.0	0.0		14:13:35:643		
000:00:20.800	95.3	74.6	29.0	95.3	0.0	0.0	0.0	0.000	0.000	0.000	0.0	0.0		14:13:35:843		
000:00:21.000	95.2	74.6	29.0	95.3	0.0	0.0	0.0	0.000	0.000	0.000	0.0	0.0		14:13:36:043		
000:00:21.200	95.4	74.6	29.0	95.4	0.0	0.0	0.0	0.000	0.000	0.000	0.0	0.0		14:13:36:243		
000:00:21.400	95.5	74.6	29.0	95.5	0.0	0.0	0.0	0.000	0.000	0.000	0.0	0.0		14:13:36:443		
000:00:21.600	95.4	74.6	29.0	95.5	0.0	0.0	0.0	0.000	0.000	0.000	0.0	0.0		14:13:36:643		
000:00:21.800	95.4	74.6	29.0	95.5	0.0	0.0	0.0	0.000	0.000	0.000	0.0	0.0		14:13:36:843		
000:00:22.000	95.5	74.6	29.0	95.5	0.0	0.0	0.0	0.000	0.000	0.000	0.0	0.0		14:13:37:043		
000:00:22.200	95.4	74.6	29.0	95.4	0.0	0.0	0.0	0.000	0.000	0.000	0.0	0.0		14:13:37:243		
000:00:22.400	95.4	74.6	29.0	95.4	0.0	0.0	0.0	0.000	0.000	0.000	0.0	0.0		14:13:37:443		
000:00:22.600	94.3	74.6	29.0	94.1	0.0	0.0	0.0	0.000	0.000	0.000	0.0	0.0		14:13:37:643		
000:00:22.800	93.6	74.6	29.0	93.7	0.0	0.0	0.0	0.000	0.000	0.000	0.0	0.0		14:13:37:843		
000:00:23.000	94.7	74.6	29.0	94.9	0.0	0.0	0.0	0.000	0.000	0.000	0.0	0.0		14:13:38:043		
000:00:23.200	95.1	74.6	29.0	95.2	0.0	0.0	0.0	0.000	0.000	0.000	0.0	0.0		14:13:38:243		
000:00:23.400	95.4	74.6	29.0	95.5	0.0	0.0	0.0	0.000	0.000	0.000	0.0	0.0		14:13:38:443		
000:00:23.600	95.3	74.6	29.0	95.3	0.0	0.0	0.0	0.000	0.000	0.000	0.0	0.0		14:13:38:643		
000:00:23.800	94.7	74.6	29.0	94.7	0.0	0.0	0.0	0.000	0.000	0.000	0.0	0.0		14:13:38:843		
000:00:24.000	94.1	74.6	29.0	94.0	0.0	0.0	0.0	0.000	0.000	0.000	0.0	0.0		14:13:39:043		
000:00:24.200	93.4	74.6	29.0	93.5	0.0	0.0	0.0	0.000	0.000	0.000	0.0	0.0		14:13:39:243		
000:00:24.400	94.6	74.6	29.0	94.6	0.0	0.0	0.0	0.000	0.000	0.000	0.0	0.0		14:13:39:443		
000:00:24.600	95.1	74.6	29.0	95.1	0.0	0.0	0.0	0.000	0.000	0.000	0.0	0.0		14:13:39:643		
000:00:24.800	95.5	74.6	29.0	95.5	0.0	0.0	0.0	0.000	0.000	0.000	0.0	0.0		14:13:39:843		
000:00:25.000	95.4	74.6	29.0	95.4	0.0	0.0	0.0	0.000	0.000	0.000	0.0	0.0		14:13:40:043		
000:00:25.200	95.0	74.6	29.0	94.6	0.0	0.0	0.0	0.000	0.000	0.000	0.0	0.0		14:13:40:243		
000:00:25.400	94.6	74.6	29.0	94.3	0.0	0.0	0.0	0.000	0.000	0.000	0.0	0.0		14:13:40:443		
000:00:25.600	94.1	74.6	29.0	94.1	0.0	0.0	0.0	0.000	0.000	0.000	0.0	0.0		14:13:40:643		
000:00:25.800	93.7	74.6	29.0	93.7	0.0	0.0	0.0	0.000	0.000	0.000	0.0	0.0		14:13:40:843		
000:00:26.000	93.7	74.6	29.0	93.6	0.0	0.0	0.0	0.000	0.000	0.000	0.0	0.0		14:13:41:043		
000:00:26.200	93.7	74.6	29.0	93.5	0.0	0.0	0.0	0.000	0.000	0.000	0.0	0.0		14:13:41:243		
000:00:26.400	94.5	74.6	29.0	94.6	0.0	0.0	0.0	0.000	0.000	0.000	0.0	0.0		14:13:41:443		
000:00:26.600	94.1	74.6	29.0	94.1	0.0	0.0	0.0	0.000	0.000	0.000	0.0	0.0		14:13:41:643		
000:00:26.800	94.6	74.6	29.0	94.6	0.0	0.0	0.0	0.000	0.000	0.000	0.0	0.0		14:13:41:843		
000:00:27.000	95.0	74.6	29.0	95.0	0.0	0.0	0.0	0.000	0.000	0.000	0.0	0.0		14:13:42:043		
000:00:27.200	94.9	74.6	29.0	95.0	0.0	0.0	0.0	0.000	0.000	0.000	0.0	0.0		14:13:42:243		
000:00:27.400	95.2	74.6	29.0	95.1	0.0	0.0	0.0	0.000	0.000	0.000	0.0	0.0		14:13:42:443		
000:00:27.600	95.3	74.6	29.0	95.2	0.0	0.0	0.0	0.000	0.000	0.000	0.0	0.0		14:13:42:643		
000:00:27.800	95.3	74.6	29.0	95.2	0.0	0.0	0.0	0.000	0.000	0.000	0.0	0.0		14:13:42:843		
000:00:28.000	95.2	74.7	29.0	95.2	0.0	0.0	0.0	0.000	0.000	0.000	0.0	0.0		14:13:43:043		
000:00:28.200	95.4	74.7	29.0	95.4	0.0	0.0	0.0	0.000	0.000	0.000	0.0	0.0		14:13:43:243		
000:00:28.400	95.4	74.7	29.0	95.4	0.0	0.0	0.0	0.000	0.000	0.000	0.0	0.0		14:13:43:443		
000:00:28.600	95.4	74.7	29.0	95.4	0.0	0.0	0.0	0.000	0.000	0.000	0.0	0.0		14:13:43:643		
000:00:28.800	95.3	74.7	29.0	95.3	0.0	0.0	0.0	0.000	0.000	0.000	0.0	0.0		14:13:43:843		
000:00:29.000	93.9	74.7	29.0	93.8	0.0	0.0	0.0	0.000	0.000	0.000	0.0	0.0		14:13:44:043		
000:00:29.200	93.9	74.7	29.0	93.8	0.0	0.0	0.0	0.000	0.000	0.000	0.0	0.0		14:13:44:243		
000:00:29.400	93.9	74.7	29.0	93.9	0.0	0.0	0.0	0.000	0.000	0.000	0.0	0.0		14:13:44:443		
000:00:29.600	95.1	74.7	29.0	95.2	0.0	0.0	0.0	0.000	0.000	0.000	0.0	0.0		14:13:44:643		
000:00:29.800	95.4	74.7	29.0	95.4	0.0	0.0	0.0	0.000	0.000	0.000	0.0	0.0		14:13:44:843		
000:00:30.000	95.3	74.7	29.0	95.3	0.0	0.0	0.0	0.000	0.000	0.000	0.0	0.0		14:13:45:043		
000:00:30.200	95.3	74.7	29.0	95.3	0.0	0.0	0.0	0.000	0.000	0.000	0.0	0.0		14:13:45:243		
000:00:30.400	93.9	74.7	29.0	93.7	0.0	0.0	0.0	0.000	0.000	0.000	0.0	0.0		14:13:45:443		
000:00:30.600	93.6	74.7	29.0	93.8	0.0	0.0	0.0	0.000	0.000	0.000	0.0	0.0		14:13:45:643		
000:00:30.800	94.2	74.7	29.0	94.4	0.0	0.0	0.0	0.000	0.000	0.000	0.0	0.0		14:13:45:843		
000:00:31.000	94.8	74.7	29.0	94.9	0.0	0.0	0.0	0.000	0.000	0.000	0.0	0.0		14:13:46:043		
000:00:31.200	95.4	74.7	29.0	95.4	0.0	0.0	0.0	0.000	0.000	0.000	0.0	0.0		14:13:46:243		
000:00:31.400	95.3	74.7	29.0	95.3	0.0	0.0	0.0	0.000	0.000	0.000	0.0	0.0		14:13:46:443		
000:00:31.600	94.7	74.7	29.0	94.6	0.0	0.0	0.0	0.000	0.000	0.000	0.0	0.0		14:13:46:643		
000:00:31.800	94.0	74.7	29.0	93.9	0.0	0.0	0.0	0.000	0.000	0.000	0.0	0.0		14:13:46:843		
000:00:32.000	93.3	74.7	29.0	93.3	0.0	0.0	0.0	0.000	0.000	0.000	0.0	0.0		14:13:47:043		
000:00:32.200	93.5	74.7	29.0	93.6	0.0	0.0	0.0	0.000	0.000	0.000	0.0	0.0		14:13:47:243		
000:00:32.400	93.7	74.7	29.0	93.8	0.0	0.0	0.0	0.000	0.000	0.000	0.0	0.0		14:13:47:443		
000:00:32.600	93.9	74.7	29.0	94.0	0.0	0.0	0.0	0.000	0.000	0.000	0.0	0.0		14:13:47:643		
000:00:32.800	93.9	74.7	29.0	94.0	0.0	0.0	0.0	0.000	0.000	0.000	0.0	0.0		14:13:47:843		
000:00:33.000	94.4	74.7	29.0	94.4	0.0	0.0	0.0	0.000	0.000	0.000	0.0	0.0		14:13:48:043		
000:00:33.200	94.8	74.7	29.0	94.9	0.0	0.0	0.0	0.000	0.000	0.000	0.0	0.0		14:13:48:243		
000:00:33.400	94.8	74.7	29.0	94.9	0.0	0.0	0.0	0.000	0.000	0.000	0.0	0.0		14:13:48:443		
000:00:33.600	95.2	74.7	29.0	95.2	0.0	0.0	0.0	0.000	0.000	0.000	0.0	0.0		14:13:48:643		
000:00:33.800	95.3	74.7	29.0	95.3	0.0	0.0	0.0	0.000	0.000	0.000	0.0	0.0		14:13:48:843		
000:00:34.000	95.3	74.7	29.0	95.3	0.0	0.0	0.0	0.000	0.000	0.000	0.0	0.0		14:13:49:043		
000:00:34.200	95.3	74.7	29.0	95.3	0.0	0.0	0.0	0.000	0.000	0.000	0.0	0.0		14:13:49:243		
000:00:34.400	95.4	74.7	29.0	95.4	0.0	0.0	0.0	0.000	0.000	0.000	0.0	0.0		14:13:49:443		
000:00:34.600	95.4	74.7	29.0	95.4	0.0	0.0	0.0	0.000	0.000	0.000	0.0	0.0		14:13:49:643		
000:00:34.800	95.3	74.7	29.0	95.3	0.0	0.0	0.0	0.000	0.000	0.000	0.0	0.0		14:13:49:843		
000:00:35.000	95.5	74.7	29.0	95.4	0.0	0.0	0.0	0.000	0.000	0.000	0.0	0.0		14:13:50:043		
000:00:35.200	95.3	74.7	29.0	95.3	0.0	0.0	0.0	0.000	0.000	0.000	0.0	0.0		14:13:50:243		
000:00:35.400	94.7	74.7	29.0	94.6	0.0	0.0	0.0	0.000	0.000	0.000	0.0	0.0		14:13:50:443		
000:00:35.600	94.0	74.7	29.0	93.9	0.0	0.0	0.0	0.000	0.000	0.000	0.0	0.0		14:13:50:643		
000:00:35.800	93.8	74.8	29.0	93.9	0.0	0.0	0.0	0.000	0.000	0.000	0.0	0.0		14:13:50:843		
000:00:36.000	95.1	74.8	29.0	95.2	0.0	0.0	0.0	0.000	0.000	0.000	0.0	0.0		14:13:51:043		
000:00:36.200	95.3	74.8	29.0	95.3	0.0	0.0	0.0	0.000	0.000	0.000	0.0	0.0		14:13:51:243		
000:00:36.400	95.5	74.8	29.0	95.5	0.0	0.0	0.0	0.000	0.000	0.000	0.0	0.0		14:13:51:443		
000:00:36.600	95.4	74.8	29.0	95.3	0.0	0.0	0.0	0.000	0.000	0.000	0.0	0.0		14:13:51:643		
000:00:36.800	94.6	74.8	29.0	94.5	0.0	0.0	0.0	0.000	0.000	0.000	0.0	0.0		14:13:51:843		
000:00:37.000	93.8	74.8	29.0	93.7	0.0	0.0	0.0	0.000	0.000	0.000	0.0	0.0		14:13:52:043		
000:00:37.200	93.8	74.8	29.0	94.0	0.0	0.0	0.0	0.000	0.000	0.000	0.0	0.0		14:13:52:243		
000:00:37.400	95.0	74.8	29.0	95.2	0.0	0.0	0.0	0.000	0.000	0.000	0.0	0.0		14:13:52:443		
000:00:37.600	95.3	74.8	29.0	95.3	0.0	0.0	0.0	0.000	0.000	0.000	0.0	0.0		14:13:52:643		
000:00:37.800	95.5	74.8	29.0	95.5	0.0	0.0	0.0	0.000	0.000	0.000	0.0	0.0		14:13:52:843		
000:00:38.000	95.4	74.8	29.0	95.4	0.0	0.0	0.0	0.000	0.000	0.000	0.0	0.0		14:13:53:043		
000:00:38.200	94.4	74.8	29.0	94.3	0.0	0.0	0.0	0.000	0.000	0.000	0.0	0.0		14:13:53:243		
000:00:38.400	94.3	74.8	29.0	94.2	0.0	0.0	0.0	0.000	0.000	0.000	0.0	0.0		14:13:53:443		
000:00:38.600	94.1	74.8	29.0	94.1	0.0	0.0	0.0	0.000	0.000	0.000	0.0	0.0		14:13:53:643		
000:00:38.800	93.9	74.8	29.0	94.0	0.0	0.0	0.0	0.000	0.000	0.000	0.0	0.0		14:13:53:843		
000:00:39.000	93.6	74.8	29.0	93.6	0.0	0.0	0.0	0.000	0.000	0.000	0.0	0.0		14:13:54:043		
000:00:39.200	94.2	74.8	29.0	94.1	0.0	0.0	0.0	0.000	0.000	0.000	0.0	0.0		14:13:54:243		
000:00:39.400	94.8	74.8	29.0	94.7	0.0	0.0	0.0	0.000	0.000	0.000	0.0	0.0		14:13:54:443		
000:00:39.600	94.5	74.8	29.0	94.6	0.0	0.0	0.0	0.000	0.000	0.000	0.0	0.0		14:13:54:643		
000:00:39.800	94.8	74.8	29.0	94.8	0.0	0.0	0.0	0.000	0.000	0.000	0.0	0.0		14:13:54:843		
000:00:40.000	95.0	74.8	29.0	95.0	0.0	0.0	0.0	0.000	0.000	0.000	0.0	0.0		14:13:55:043		
000:00:40.200	95.3	74.8	29.0	95.3	0.0	0.0	0.0	0.000	0.000	0.000	0.0	0.0		14:13:55:243		
000:00:40.400	95.2	74.8	29.0	95.2	0.0	0.0	0.0	0.000	0.000	0.000	0.0	0.0		14:13:55:443		
000:00:40.600	95.3	74.8	29.0	95.3	0.0	0.0	0.0	0.000	0.000	0.000	0.0	0.0		14:13:55:643		
000:00:40.800	95.4	74.8	29.0	95.4	0.0	0.0	0.0	0.000	0.000	0.000	0.0	0.0		14:13:55:843		
000:00:41.000	95.3	74.8	29.0	95.3	0.0	0.0	0.0	0.000	0.000	0.000	0.0	0.0		14:13:56:043		
000:00:41.200	95.5	74.8	29.0	95.5	0.0	0.0	0.0	0.000	0.000	0.000	0.0	0.0		14:13:56:243		
000:00:41.400	95.5	74.8	29.0	95.5	0.0	0.0	0.0	0.000	0.000	0.000	0.0	0.0		14:13:56:443		
000:00:41.600	95.5	74.8	29.0	95.5	0.0	0.0	0.0	0.000	0.000	0.000	0.0	0.0		14:13:56:643		
000:00:41.800	95.0	74.8	29.0	95.0	0.0	0.0	0.0	0.000	0.000	0.000	0.0	0.0		14:13:56:843		
000:00:42.000	93.4	74.8	29.0	93.3	0.0	0.0	0.0	0.000	0.000	0.000	0.0	0.0		14:13:57:043		
000:00:42.200	93.8	74.8	29.0	93.8	0.0	0.0	0.0	0.000	0.000	0.000	0.0	0.0		14:13:57:243		
000:00:42.400	94.1	74.8	29.0	94.2	0.0	0.0	0.0	0.000	0.000	0.000	0.0	0.0		14:13:57:443		
000:00:42.600	95.3	74.8	29.0	95.3	0.0	0.0	0.0	0.000	0.000	0.000	0.0	0.0		14:13:57:643		
000:00:42.800	95.4	74.8	29.0	95.4	0.0	0.0	0.0	0.000	0.000	0.000	0.0	0.0		14:13:57:843		
000:00:43.000	95.2	74.8	29.0	95.1	0.0	0.0	0.0	0.000	0.000	0.000	0.0	0.0		14:13:58:043		
000:00:43.200	95.0	74.8	29.0	94.9	0.0	0.0	0.0	0.000	0.000	0.000	0.0	0.0		14:13:58:243		
000:00:43.400	93.4	74.8	29.0	93.3	0.0	0.0	0.0	0.000	0.000	0.000	0.0	0.0		14:13:58:443		
000:00:43.600	93.7	74.8	29.0	93.7	0.0	0.0	0.0	0.000	0.000	0.000	0.0	0.0		14:13:58:643		
000:00:43.800	94.0	74.8	29.0	94.1	0.0	0.0	0.0	0.000	0.000	0.000	0.0	0.0		14:13:58:843		
000:00:44.000	95.1	74.8	29.0	95.2	0.0	0.0	0.0	0.000	0.000	0.000	0.0	0.0		14:13:59:043		
000:00:44.200	95.4	74.8	29.0	95.4	0.0	0.0	0.0	0.000	0.000	0.000	0.0	0.0		14:13:59:243		
000:00:44.400	95.4	74.8	29.0	95.3	0.0	0.0	0.0	0.000	0.000	0.000	0.0	0.0		14:13:59:443		
000:00:44.600	95.4	74.8	29.0	95.3	0.0	0.0	0.0	0.000	0.000	0.000	0.0	0.0		14:13:59:643		
000:00:44.800	93.6	74.8	29.0	93.5	0.0	0.0	0.0	0.000	0.000	0.000	0.0	0.0		14:13:59:843		
000:00:45.000	93.2	74.8	29.0	93.3	0.0	0.0	0.0	0.000	0.000	0.000	0.0	0.0		14:14:00:043		
000:00:45.200	93.4	74.8	29.0	93.5	0.0	0.0	0.0	0.000	0.000	0.000	0.0	0.0		14:14:00:243		
000:00:45.400	93.7	74.8	29.0	93.7	0.0	0.0	0.0	0.000	0.000	0.000	0.0	0.0		14:14:00:443		
000:00:45.600	94.1	74.8	29.0	94.1	0.0	0.0	0.0	0.000	0.000	0.000	0.0	0.0		14:14:00:643		
000:00:45.800	94.3	74.8	29.0	94.3	0.0	0.0	0.0	0.000	0.000	0.000	0.0	0.0		14:14:00:843		
000:00:46.000	94.4	74.8	29.0	94.4	0.0	0.0	0.0	0.000	0.000	0.000	0.0	0.0		14:14:01:043		
000:00:46.200	94.6	74.8	29.0	94.6	0.0	0.0	0.0	0.000	0.000	0.000	0.0	0.0		14:14:01:243		
000:00:46.400	95.0	74.8	29.0	95.0	0.0	0.0	0.0	0.000	0.000	0.000	0.0	0.0		14:14:01:443		
000:00:46.600	95.0	74.8	29.0	95.0	0.0	0.0	0.0	0.000	0.000	0.000	0.0	0.0		14:14:01:643		
000:00:46.800	95.2	74.8	29.0	95.2	0.0	0.0	0.0	0.000	0.000	0.000	0.0	0.0		14:14:01:843		
000:00:47.000	95.3	74.8	29.0	95.3	0.0	0.0	0.0	0.000	0.000	0.000	0.0	0.0		14:14:02:043		
000:00:47.200	95.3	74.8	29.0	95.3	0.0	0.0	0.0	0.000	0.000	0.000	0.0	0.0		14:14:02:243		
000:00:47.400	95.3	74.8	29.0	95.4	0.0	0.0	0.0	0.000	0.000	0.000	0.0	0.0		14:14:02:443		
000:00:47.600	95.3	74.8	29.0	95.4	0.0	0.0	0.0	0.000	0.000	0.000	0.0	0.0		14:14:02:643		
000:00:47.800	95.3	74.8	29.0	95.4	0.0	0.0	0.0	0.000	0.000	0.000	0.0	0.0		14:14:02:843		
000:00:48.000	95.4	74.8	29.0	95.3	0.0	0.0	0.0	0.000	0.000	0.000	0.0	0.0		14:14:03:043		
000:00:48.200	95.0	74.8	29.0	94.9	0.0	0.0	0.0	0.000	0.000	0.000	0.0	0.0		14:14:03:243		
000:00:48.400	94.7	74.8	29.0	94.5	0.0	0.0	0.0	0.000	0.000	0.000	0.0	0.0		14:14:03:443		
000:00:48.600	93.2	74.8	29.0	93.2	0.0	0.0	0.0	0.000	0.000	0.000	0.0	0.0		14:14:03:643		
000:00:48.800	94.5	74.9	29.0	94.6	0.0	0.0	0.0	0.000	0.000	0.000	0.0	0.0		14:14:03:843		
000:00:49.000	94.9	74.9	29.0	95.1	0.0	0.0	0.0	0.000	0.000	0.000	0.0	0.0		14:14:04:043		
000:00:49.200	95.4	74.9	29.0	95.5	0.0	0.0	0.0	0.000	0.000	0.000	0.0	0.0		14:14:04:243		
000:00:49.400	95.3	74.9	29.0	95.3	0.0	0.0	0.0	0.000	0.000	0.000	0.0	0.0		14:14:04:443		
000:00:49.600	94.9	74.9	29.0	94.8	0.0	0.0	0.0	0.000	0.000	0.000	0.0	0.0		14:14:04:643		
000:00:49.800	94.4	74.9	29.0	94.2	0.0	0.0	0.0	0.000	0.000	0.000	0.0	0.0		14:14:04:843		
000:00:50.000	93.2	74.9	29.0	93.2	0.0	0.0	0.0	0.000	0.000	0.000	0.0	0.0		14:14:05:043		
000:00:50.200	94.3	74.9	29.0	94.4	0.0	0.0	0.0	0.000	0.000	0.000	0.0	0.0		14:14:05:243		
000:00:50.400	94.8	74.9	29.0	94.9	0.0	0.0	0.0	0.000	0.000	0.000	0.0	0.0		14:14:05:443		
000:00:50.600	95.3	74.9	29.0	95.3	0.0	0.0	0.0	0.000	0.000	0.000	0.0	0.0		14:14:05:643		
000:00:50.800	95.3	74.9	29.0	95.3	0.0	0.0	0.0	0.000	0.000	0.000	0.0	0.0		14:14:05:843		
000:00:51.000	95.0	74.9	29.0	94.8	0.0	0.0	0.0	0.000	0.000	0.000	0.0	0.0		14:14:06:043		
000:00:51.200	94.4	74.9	29.0	94.4	0.0	0.0	0.0	0.000	0.000	0.000	0.0	0.0		14:14:06:243		
000:00:51.400	93.9	74.9	29.0	93.9	0.0	0.0	0.0	0.000	0.000	0.000	0.0	0.0		14:14:06:443		
000:00:51.600	93.4	74.9	29.0	93.4	0.0	0.0	0.0	0.000	0.000	0.000	0.0	0.0		14:14:06:643		
000:00:51.800	93.8	74.9	29.0	93.6	0.0	0.0	0.0	0.000	0.000	0.000	0.0	0.0		14:14:06:843		
000:00:52.000	93.9	74.9	29.0	93.9	0.0	0.0	0.0	0.000	0.000	0.000	0.0	0.0		14:14:07:043		
000:00:52.200	94.1	74.9	29.0	94.2	0.0	0.0	0.0	0.000	0.000	0.000	0.0	0.0		14:14:07:243		
000:00:52.400	93.9	74.9	29.0	93.9	0.0	0.0	0.0	0.000	0.000	0.000	0.0	0.0		14:14:07:443		
000:00:52.600	94.9	74.9	29.0	95.0	0.0	0.0	0.0	0.000	0.000	0.000	0.0	0.0		14:14:07:643		
000:00:52.800	94.8	74.9	29.0	94.9	0.0	0.0	0.0	0.000	0.000	0.000	0.0	0.0		14:14:07:843		
000:00:53.000	94.7	74.9	29.0	94.7	0.0	0.0	0.0	0.000	0.000	0.000	0.0	0.0		14:14:08:043		
000:00:53.200	95.3	74.9	29.0	95.3	0.0	0.0	0.0	0.000	0.000	0.000	0.0	0.0		14:14:08:243		
000:00:53.400	95.3	74.9	29.0	95.3	0.0	0.0	0.0	0.000	0.000	0.000	0.0	0.0		14:14:08:443		
000:00:53.600	95.2	74.9	29.0	95.3	0.0	0.0	0.0	0.000	0.000	0.000	0.0	0.0		14:14:08:643		
000:00:53.800	95.2	74.9	29.0	95.2	0.0	0.0	0.0	0.000	0.000	0.000	0.0	0.0		14:14:08:843		
000:00:54.000	95.3	74.9	29.0	95.3	0.0	0.0	0.0	0.000	0.000	0.000	0.0	0.0		14:14:09:043		
000:00:54.200	95.3	74.9	29.0	95.3	0.0	0.0	0.0	0.000	0.000	0.000	0.0	0.0		14:14:09:243		
000:00:54.400	95.3	74.9	29.0	95.3	0.0	0.0	0.0	0.000	0.000	0.000	0.0	0.0		14:14:09:443		
000:00:54.600	95.1	75.0	29.0	95.1	0.0	0.0	0.0	0.000	0.000	0.000	0.0	0.0		14:14:09:643		
000:00:54.800	94.5	75.0	29.0	94.4	0.0	0.0	0.0	0.000	0.000	0.000	0.0	0.0		14:14:09:843		
000:00:55.000	93.9	75.0	29.0	93.7	0.0	0.0	0.0	0.000	0.000	0.000	0.0	0.0		14:14:10:043		
000:00:55.200	93.7	75.0	29.0	93.7	0.0	0.0	0.0	0.000	0.000	0.000	0.0	0.0		14:14:10:243		
000:00:55.400	95.0	75.0	29.0	95.1	0.0	0.0	0.0	0.000	0.000	0.000	0.0	0.0		14:14:10:443		
000:00:55.600	95.2	75.0	29.0	95.3	0.0	0.0	0.0	0.000	0.000	0.000	0.0	0.0		14:14:10:643		
000:00:55.800	95.4	75.0	29.0	95.4	0.0	0.0	0.0	0.000	0.000	0.000	0.0	0.0		14:14:10:843		
000:00:56.000	95.2	75.0	29.0	95.2	0.0	0.0	0.0	0.000	0.000	0.000	0.0	0.0		14:14:11:043		
000:00:56.200	93.8	75.0	29.0	93.7	0.0	0.0	0.0	0.000	0.000	0.000	0.0	0.0		14:14:11:243		
000:00:56.400	93.7	75.0	29.0	93.7	0.0	0.0	0.0	0.000	0.000	0.000	0.0	0.0		14:14:11:443		
000:00:56.600	93.5	75.0	29.0	93.7	0.0	0.0	0.0	0.000	0.000	0.000	0.0	0.0		14:14:11:643		
000:00:56.800	94.7	75.0	29.0	94.9	0.0	0.0	0.0	0.000	0.000	0.000	0.0	0.0		14:14:11:843		
000:00:57.000	95.5	75.0	29.0	95.4	0.0	0.0	0.0	0.000	0.000	0.000	0.0	0.0		14:14:12:043		
000:00:57.200	95.5	75.0	29.0	95.3	0.0	0.0	0.0	0.000	0.000	0.000	0.0	0.0		14:14:12:243		
000:00:57.400	95.4	75.0	29.0	95.3	0.0	0.0	0.0	0.000	0.000	0.000	0.0	0.0		14:14:12:443		
000:00:57.600	94.1	75.0	29.0	93.8	0.0	0.0	0.0	0.000	0.000	0.000	0.0	0.0		14:14:12:643		
000:00:57.800	93.2	75.0	29.0	93.2	0.0	0.0	0.0	0.000	0.000	0.000	0.0	0.0		14:14:12:843		
000:00:58.000	93.3	75.0	29.0	93.3	0.0	0.0	0.0	0.000	0.000	0.000	0.0	0.0		14:14:13:043		
000:00:58.200	93.4	75.0	29.0	93.5	0.0	0.0	0.0	0.000	0.000	0.000	0.0	0.0		14:14:13:243		
000:00:58.400	93.8	75.0	29.0	93.9	0.0	0.0	0.0	0.000	0.000	0.000	0.0	0.0		14:14:13:443		
000:00:58.600	93.9	75.0	29.0	94.0	0.0	0.0	0.0	0.000	0.000	0.000	0.0	0.0		14:14:13:643		
000:00:58.800	94.3	75.1	29.0	94.3	0.0	0.0	0.0	0.000	0.000	0.000	0.0	0.0		14:14:13:843		
000:00:59.000	94.6	75.1	29.0	94.7	0.0	0.0	0.0	0.000	0.000	0.000	0.0	0.0		14:14:14:043		
000:00:59.200	94.8	75.1	29.0	94.9	0.0	0.0	0.0	0.000	0.000	0.000	0.0	0.0		14:14:14:243		
000:00:59.400	95.3	75.1	29.0	95.2	0.0	0.0	0.0	0.000	0.000	0.000	0.0	0.0		14:14:14:443		
000:00:59.600	95.3	75.1	29.0	95.3	0.0	0.0	0.0	0.000	0.000	0.000	0.0	0.0		14:14:14:643		
000:00:59.800	95.3	75.1	29.0	95.3	0.0	0.0	0.0	0.000	0.000	0.000	0.0	0.0		14:14:14:843		
000:01:00.000	95.4	75.1	29.0	95.4	0.0	0.0	0.0	0.000	0.000	0.000	0.0	0.0		14:14:15:043		
000:01:00.200	95.4	75.1	29.0	95.3	0.0	0.0	0.0	0.000	0.000	0.000	0.0	0.0		14:14:15:243		
000:01:00.400	95.3	75.1	29.0	95.3	0.0	0.0	0.0	0.000	0.000	0.000	0.0	0.0		14:14:15:443		
000:01:00.600	95.3	75.1	29.0	95.4	0.0	0.0	0.0	0.000	0.000	0.000	0.0	0.0		14:14:15:643		
000:01:00.800	95.5	75.1	29.0	95.6	0.0	0.0	0.0	0.000	0.000	0.000	0.0	0.0		14:14:15:843		
000:01:01.000	95.4	75.1	29.0	95.5	0.0	0.0	0.0	0.000	0.000	0.000	0.0	0.0		14:14:16:043		
000:01:01.200	95.3	75.1	29.0	95.3	0.0	0.0	0.0	0.000	0.000	0.000	0.0	0.0		14:14:16:243		
000:01:01.400	93.8	75.1	29.0	93.5	0.0	0.0	0.0	0.000	0.000	0.000	0.0	0.0		14:14:16:443		
000:01:01.600	93.8	75.1	29.0	93.9	0.0	0.0	0.0	0.000	0.000	0.000	0.0	0.0		14:14:16:643		
000:01:01.800	94.5	75.1	29.0	94.6	0.0	0.0	0.0	0.000	0.000	0.000	0.0	0.0		14:14:16:843		
000:01:02.000	95.2	75.1	29.0	95.3	0.0	0.0	0.0	0.000	0.000	0.000	0.0	0.0		14:14:17:043		
000:01:02.200	95.3	75.1	29.0	95.3	0.0	0.0	0.0	0.000	0.000	0.000	0.0	0.0		14:14:17:243		
000:01:02.400	95.1	75.1	29.0	95.1	0.0	0.0	0.0	0.000	0.000	0.000	0.0	0.0		14:14:17:443		
000:01:02.600	95.0	75.1	29.0	94.9	0.0	0.0	0.0	0.000	0.000	0.000	0.0	0.0		14:14:17:643		
000:01:02.800	93.4	75.1	29.0	93.3	0.0	0.0	0.0	0.000	0.000	0.000	0.0	0.0		14:14:17:843		
000:01:03.000	93.6	75.1	29.0	93.7	0.0	0.0	0.0	0.000	0.000	0.000	0.0	0.0		14:14:18:043		
000:01:03.200	94.3	75.1	29.0	94.3	0.0	0.0	0.0	0.000	0.000	0.000	0.0	0.0		14:14:18:243		
000:01:03.400	94.9	75.1	29.0	95.0	0.0	0.0	0.0	0.000	0.000	0.000	0.0	0.0		14:14:18:443		
000:01:03.600	95.3	75.1	29.0	95.3	0.0	0.0	0.0	0.000	0.000	0.000	0.0	0.0		14:14:18:643		
000:01:03.800	95.3	75.1	29.0	95.3	0.0	0.0	0.0	0.000	0.000	0.000	0.0	0.0		14:14:18:843		
000:01:04.000	95.3	75.1	29.0	95.3	0.0	0.0	0.0	0.000	0.000	0.000	0.0	0.0		14:14:19:043		
000:01:04.200	93.9	75.1	29.0	93.9	0.0	0.0	0.0	0.000	0.000	0.000	0.0	0.0		14:14:19:243		
000:01:04.400	93.6	75.2	29.0	93.5	0.0	0.0	0.0	0.000	0.000	0.000	0.0	0.0		14:14:19:443		
000:01:04.600	93.8	75.2	29.0	93.7	0.0	0.0	0.0	0.000	0.000	0.000	0.0	0.0		14:14:19:643		
000:01:04.800	94.0	75.2	29.0	93.9	0.0	0.0	0.0	0.000	0.000	0.000	0.0	0.0		14:14:19:843		
000:01:05.000	93.5	75.2	29.0	93.6	0.0	0.0	0.0	0.000	0.000	0.000	0.0	0.0		14:14:20:043		
000:01:05.200	94.4	75.2	29.0	94.3	0.0	0.0	0.0	0.000	0.000	0.000	0.0	0.0		14:14:20:243		
000:01:05.400	94.6	75.2	29.0	94.6	0.0	0.0	0.0	0.000	0.000	0.000	0.0	0.0		14:14:20:443		
000:01:05.600	94.7	75.2	29.0	94.8	0.0	0.0	0.0	0.000	0.000	0.000	0.0	0.0		14:14:20:643		
000:01:05.800	94.6	75.2	29.0	94.6	0.0	0.0	0.0	0.000	0.000	0.000	0.0	0.0		14:14:20:843		
000:01:06.000	95.3	75.2	29.0	95.3	0.0	0.0	0.0	0.000	0.000	0.000	0.0	0.0		14:14:21:043		
000:01:06.200	95.3	75.2	29.0	95.3	0.0	0.0	0.0	0.000	0.000	0.000	0.0	0.0		14:14:21:243		
000:01:06.400	95.3	75.2	29.0	95.3	0.0	0.0	0.0	0.000	0.000	0.000	0.0	0.0		14:14:21:443		
000:01:06.600	95.3	75.2	29.0	95.3	0.0	0.0	0.0	0.000	0.000	0.000	0.0	0.0		14:14:21:643		
000:01:06.800	95.3	75.2	29.0	95.3	0.0	0.0	0.0	0.000	0.000	0.000	0.0	0.0		14:14:21:843		
000:01:07.000	95.3	75.2	29.0	95.3	0.0	0.0	0.0	0.000	0.000	0.000	0.0	0.0		14:14:22:043		
000:01:07.200	95.4	75.2	29.0	95.4	0.0	0.0	0.0	0.000	0.000	0.000	0.0	0.0		14:14:22:243		
000:01:07.400	95.3	75.2	29.0	95.3	0.0	0.0	0.0	0.000	0.000	0.000	0.0	0.0		14:14:22:443		
000:01:07.600	94.7	75.2	29.0	94.5	0.0	0.0	0.0	0.000	0.000	0.000	0.0	0.0		14:14:22:643		
000:01:07.800	94.1	75.2	29.0	93.8	0.0	0.0	0.0	0.000	0.000	0.000	0.0	0.0		14:14:22:843		
000:01:08.000	93.4	75.2	29.0	93.4	0.0	0.0	0.0	0.000	0.000	0.000	0.0	0.0		14:14:23:043		
000:01:08.200	94.1	75.2	29.0	94.1	0.0	0.0	0.0	0.000	0.000	0.000	0.0	0.0		14:14:23:243		
000:01:08.400	94.7	75.2	29.0	94.8	0.0	0.0	0.0	0.000	0.000	0.000	0.0	0.0		14:14:23:443		
000:01:08.600	95.3	75.2	29.0	95.3	0.0	0.0	0.0	0.000	0.000	0.000	0.0	0.0		14:14:23:643		
000:01:08.800	95.2	75.2	29.0	95.2	0.0	0.0	0.0	0.000	0.000	0.000	0.0	0.0		14:14:23:843		
000:01:09.000	94.5	75.2	29.0	94.4	0.0	0.0	0.0	0.000	0.000	0.000	0.0	0.0		14:14:24:043		
000:01:09.200	93.8	75.2	29.0	93.6	0.0	0.0	0.0	0.000	0.000	0.000	0.0	0.0		14:14:24:243		
000:01:09.400	93.1	75.2	29.0	93.3	0.0	0.0	0.0	0.000	0.000	0.000	0.0	0.0		14:14:24:443		
000:01:09.600	94.4	75.2	29.0	94.4	0.0	0.0	0.0	0.000	0.000	0.000	0.0	0.0		14:14:24:643		
000:01:09.800	94.9	75.2	29.0	94.9	0.0	0.0	0.0	0.000	0.000	0.000	0.0	0.0		14:14:24:843		
000:01:10.000	95.3	75.2	29.0	95.3	0.0	0.0	0.0	0.000	0.000	0.000	0.0	0.0		14:14:25:043		
000:01:10.200	95.3	75.2	29.0	95.3	0.0	0.0	0.0	0.000	0.000	0.000	0.0	0.0		14:14:25:243		
000:01:10.400	94.5	75.2	29.0	94.4	0.0	0.0	0.0	0.000	0.000	0.000	0.0	0.0		14:14:25:443		
000:01:10.600	93.7	75.2	29.0	93.4	0.0	0.0	0.0	0.000	0.000	0.000	0.0	0.0		14:14:25:643		
000:01:10.800	93.0	75.2	29.0	93.0	0.0	0.0	0.0	0.000	0.000	0.000	0.0	0.0		14:14:25:843		
000:01:11.000	93.2	75.2	29.0	93.2	0.0	0.0	0.0	0.000	0.000	0.000	0.0	0.0		14:14:26:043		
000:01:11.200	93.3	75.2	29.0	93.3	0.0	0.0	0.0	0.000	0.000	0.000	0.0	0.0		14:14:26:243		
000:01:11.400	93.9	75.2	29.0	93.9	0.0	0.0	0.0	0.000	0.000	0.000	0.0	0.0		14:14:26:443		
000:01:11.600	93.9	75.2	29.0	93.9	0.0	0.0	0.0	0.000	0.000	0.000	0.0	0.0		14:14:26:643		
000:01:11.800	94.3	75.2	29.0	94.2	0.0	0.0	0.0	0.000	0.000	0.000	0.0	0.0		14:14:26:843		
000:01:12.000	94.6	75.2	29.0	94.5	0.0	0.0	0.0	0.000	0.000	0.000	0.0	0.0		14:14:27:043		
000:01:12.200	94.7	75.2	29.0	94.8	0.0	0.0	0.0	0.000	0.000	0.000	0.0	0.0		14:14:27:243		
000:01:12.400	94.9	75.2	29.0	94.9	0.0	0.0	0.0	0.000	0.000	0.000	0.0	0.0		14:14:27:443		
000:01:12.600	95.1	75.2	29.0	95.1	0.0	0.0	0.0	0.000	0.000	0.000	0.0	0.0		14:14:27:643		
000:01:12.800	95.2	75.2	29.0	95.2	0.0	0.0	0.0	0.000	0.000	0.000	0.0	0.0		14:14:27:843		
000:01:13.000	95.3	75.2	29.0	95.3	0.0	0.0	0.0	0.000	0.000	0.000	0.0	0.0		14:14:28:043		
000:01:13.200	95.3	75.2	29.0	95.3	0.0	0.0	0.0	0.000	0.000	0.000	0.0	0.0		14:14:28:243		
000:01:13.400	95.2	75.2	29.0	95.2	0.0	0.0	0.0	0.000	0.000	0.000	0.0	0.0		14:14:28:443		
000:01:13.600	95.3	75.2	29.0	95.3	0.0	0.0	0.0	0.000	0.000	0.000	0.0	0.0		14:14:28:643		
000:01:13.800	95.3	75.2	29.0	95.2	0.0	0.0	0.0	0.000	0.000	0.000	0.0	0.0		14:14:28:843		
000:01:14.000	94.9	75.2	29.0	94.8	0.0	0.0	0.0	0.000	0.000	0.000	0.0	0.0		14:14:29:043		
000:01:14.200	94.5	75.2	29.0	94.4	0.0	0.0	0.0	0.000	0.000	0.000	0.0	0.0		14:14:29:243		
000:01:14.400	93.0	75.2	29.0	93.0	0.0	0.0	0.0	0.000	0.000	0.000	0.0	0.0		14:14:29:443		
000:01:14.600	93.7	75.2	29.0	93.8	0.0	0.0	0.0	0.000	0.000	0.000	0.0	0.0		14:14:29:643		
000:01:14.800	94.4	75.2	29.0	94.5	0.0	0.0	0.0	0.000	0.000	0.000	0.0	0.0		14:14:29:843		
000:01:15.000	95.3	75.2	29.0	95.3	0.0	0.0	0.0	0.000	0.000	0.000	0.0	0.0		14:14:30:043		
000:01:15.200	95.3	75.2	29.0	95.2	0.0	0.0	0.0	0.000	0.000	0.000	0.0	0.0		14:14:30:243		
000:01:15.400	94.8	75.2	29.0	94.6	0.0	0.0	0.0	0.000	0.000	0.000	0.0	0.0		14:14:30:443		
000:01:15.600	94.3	75.2	29.0	94.1	0.0	0.0	0.0	0.000	0.000	0.000	0.0	0.0		14:14:30:643		
000:01:15.800	92.9	75.2	29.0	92.9	0.0	0.0	0.0	0.000	0.000	0.000	0.0	0.0		14:14:30:843		
000:01:16.000	93.9	75.2	29.0	94.2	0.0	0.0	0.0	0.000	0.000	0.000	0.0	0.0		14:14:31:043		
000:01:16.200	94.6	75.2	29.0	94.7	0.0	0.0	0.0	0.000	0.000	0.000	0.0	0.0		14:14:31:243		
000:01:16.400	95.2	75.2	29.0	95.2	0.0	0.0	0.0	0.000	0.000	0.000	0.0	0.0		14:14:31:443		
000:01:16.600	95.2	75.2	29.0	95.2	0.0	0.0	0.0	0.000	0.000	0.000	0.0	0.0		14:14:31:643		
000:01:16.800	94.9	75.2	29.0	94.8	0.0	0.0	0.0	0.000	0.000	0.000	0.0	0.0		14:14:31:843		
000:01:17.000	94.5	75.2	29.0	94.4	0.0	0.0	0.0	0.000	0.000	0.000	0.0	0.0		14:14:32:043		
000:01:17.200	93.8	75.2	29.0	93.8	0.0	0.0	0.0	0.000	0.000	0.000	0.0	0.0		14:14:32:243		
000:01:17.400	93.6	75.2	29.0	93.6	0.0	0.0	0.0	0.000	0.000	0.000	0.0	0.0		14:14:32:443		
000:01:17.600	93.3	75.2	29.0	93.4	0.0	0.0	0.0	0.000	0.000	0.000	0.0	0.0		14:14:32:643		
000:01:17.800	93.2	75.2	29.0	93.2	0.0	0.0	0.0	0.000	0.000	0.000	0.0	0.0		14:14:32:843		
000:01:18.000	94.4	75.2	29.0	94.4	0.0	0.0	0.0	0.000	0.000	0.000	0.0	0.0		14:14:33:043		
000:01:18.200	94.3	75.2	29.0	94.4	0.0	0.0	0.0	0.000	0.000	0.000	0.0	0.0		14:14:33:243		
000:01:18.400	94.1	75.2	29.0	94.3	0.0	0.0	0.0	0.000	0.000	0.000	0.0	0.0		14:14:33:443		
000:01:18.600	94.7	75.2	29.0	94.6	0.0	0.0	0.0	0.000	0.000	0.000	0.0	0.0		14:14:33:643		
000:01:18.800	94.8	75.2	29.0	94.8	0.0	0.0	0.0	0.000	0.000	0.000	0.0	0.0		14:14:33:843		
000:01:19.000	95.0	75.2	29.0	95.0	0.0	0.0	0.0	0.000	0.000	0.000	0.0	0.0		14:14:34:043		
000:01:19.200	94.9	75.2	29.0	95.0	0.0	0.0	0.0	0.000	0.000	0.000	0.0	0.0		14:14:34:243		
000:01:19.400	95.0	75.2	29.0	95.1	0.0	0.0	0.0	0.000	0.000	0.000	0.0	0.0		14:14:34:443		
000:01:19.600	95.1	75.2	29.0	95.2	0.0	0.0	0.0	0.000	0.000	0.000	0.0	0.0		14:14:34:643		
000:01:19.800	95.1	75.2	29.0	95.2	0.0	0.0	0.0	0.000	0.000	0.000	0.0	0.0		14:14:34:843		
000:01:20.000	95.1	75.2	29.0	95.3	0.0	0.0	0.0	0.000	0.000	0.000	0.0	0.0		14:14:35:043		
000:01:20.200	95.2	75.2	29.0	95.3	0.0	0.0	0.0	0.000	0.000	0.000	0.0	0.0		14:14:35:243		
000:01:20.400	95.2	75.2	29.0	95.2	0.0	0.0	0.0	0.000	0.000	0.000	0.0	0.0		14:14:35:443		
000:01:20.600	94.2	75.2	29.0	93.9	0.0	0.0	0.0	0.000	0.000	0.000	0.0	0.0		14:14:35:643		
000:01:20.800	93.7	75.2	29.0	93.6	0.0	0.0	0.0	0.000	0.000	0.000	0.0	0.0		14:14:35:843		
000:01:21.000	93.1	75.2	29.0	93.2	0.0	0.0	0.0	0.000	0.000	0.000	0.0	0.0		14:14:36:043		
000:01:21.200	94.4	75.2	29.0	94.5	0.0	0.0	0.0	0.000	0.000	0.000	0.0	0.0		14:14:36:243		
000:01:21.400	95.2	75.2	29.0	95.3	0.0	0.0	0.0	0.000	0.000	0.000	0.0	0.0		14:14:36:443		
000:01:21.600	95.1	75.3	29.0	95.2	0.0	0.0	0.0	0.000	0.000	0.000	0.0	0.0		14:14:36:643		
000:01:21.800	95.1	75.3	29.0	95.1	0.0	0.0	0.0	0.000	0.000	0.000	0.0	0.0		14:14:36:843		
000:01:22.000	93.8	75.3	29.0	93.6	0.0	0.0	0.0	0.000	0.000	0.000	0.0	0.0		14:14:37:043		
000:01:22.200	93.4	75.3	29.0	93.4	0.0	0.0	0.0	0.000	0.000	0.000	0.0	0.0		14:14:37:243		
000:01:22.400	93.0	75.3	29.0	93.2	0.0	0.0	0.0	0.000	0.000	0.000	0.0	0.0		14:14:37:443		
000:01:22.600	94.5	75.3	29.0	94.6	0.0	0.0	0.0	0.000	0.000	0.000	0.0	0.0		14:14:37:643		
000:01:22.800	94.9	75.3	29.0	94.9	0.0	0.0	0.0	0.000	0.000	0.000	0.0	0.0		14:14:37:843		
000:01:23.000	95.3	75.3	29.0	95.3	0.0	0.0	0.0	0.000	0.000	0.000	0.0	0.0		14:14:38:043		
000:01:23.200	95.1	75.3	29.0	95.2	0.0	0.0	0.0	0.000	0.000	0.000	0.0	0.0		14:14:38:243		
000:01:23.400	93.4	75.3	29.0	93.3	0.0	0.0	0.0	0.000	0.000	0.000	0.0	0.0		14:14:38:443		
000:01:23.600	93.2	75.3	29.0	93.2	0.0	0.0	0.0	0.000	0.000	0.000	0.0	0.0		14:14:38:643		
000:01:23.800	93.0	75.3	29.0	93.0	0.0	0.0	0.0	0.000	0.000	0.000	0.0	0.0		14:14:38:843		
000:01:24.000	93.3	75.3	29.0	93.4	0.0	0.0	0.0	0.000	0.000	0.000	0.0	0.0		14:14:39:043		
000:01:24.200	93.6	75.3	29.0	93.7	0.0	0.0	0.0	0.000	0.000	0.000	0.0	0.0		14:14:39:243		
000:01:24.400	93.9	75.3	29.0	93.9	0.0	0.0	0.0	0.000	0.000	0.000	0.0	0.0		14:14:39:443		
000:01:24.600	94.0	75.3	29.0	94.0	0.0	0.0	0.0	0.000	0.000	0.000	0.0	0.0		14:14:39:643		
000:01:24.800	94.2	75.3	29.0	94.2	0.0	0.0	0.0	0.000	0.000	0.000	0.0	0.0		14:14:39:843		
000:01:25.000	94.4	75.3	29.0	94.3	0.0	0.0	0.0	0.000	0.000	0.000	0.0	0.0		14:14:40:043		
000:01:25.200	94.8	75.3	29.0	94.9	0.0	0.0	0.0	0.000	0.000	0.000	0.0	0.0		14:14:40:243		
000:01:25.400	94.9	75.3	29.0	94.9	0.0	0.0	0.0	0.000	0.000	0.000	0.0	0.0		14:14:40:443		
000:01:25.600	95.0	75.3	29.0	95.0	0.0	0.0	0.0	0.000	0.000	0.000	0.0	0.0		14:14:40:643		
000:01:25.800	95.1	75.3	29.0	95.1	0.0	0.0	0.0	0.000	0.000	0.000	0.0	0.0		14:14:40:843		
000:01:26.000	95.1	75.3	29.0	95.1	0.0	0.0	0.0	0.000	0.000	0.000	0.0	0.0		14:14:41:043		
000:01:26.200	95.1	75.3	29.0	95.1	0.0	0.0	0.0	0.000	0.000	0.000	0.0	0.0		14:14:41:243		
000:01:26.400	95.1	75.3	29.0	95.2	0.0	0.0	0.0	0.000	0.000	0.000	0.0	0.0		14:14:41:443		
000:01:26.600	95.3	75.3	29.0	95.3	0.0	0.0	0.0	0.000	0.000	0.000	0.0	0.0		14:14:41:643		
000:01:26.800	95.2	75.3	29.0	95.2	0.0	0.0	0.0	0.000	0.000	0.000	0.0	0.0		14:14:41:843		
000:01:27.000	95.1	75.3	29.0	95.1	0.0	0.0	0.0	0.000	0.000	0.000	0.0	0.0		14:14:42:043		
000:01:27.200	93.5	75.3	29.0	93.3	0.0	0.0	0.0	0.000	0.000	0.000	0.0	0.0		14:14:42:243		
000:01:27.400	93.4	75.3	29.0	93.4	0.0	0.0	0.0	0.000	0.000	0.000	0.0	0.0		14:14:42:443		
000:01:27.600	94.1	75.4	29.0	94.1	0.0	0.0	0.0	0.000	0.000	0.000	0.0	0.0		14:14:42:643		
000:01:27.800	94.9	75.4	29.0	94.9	0.0	0.0	0.0	0.000	0.000	0.000	0.0	0.0		14:14:42:843		
000:01:28.000	95.2	75.4	29.0	95.3	0.0	0.0	0.0	0.000	0.000	0.000	0.0	0.0		14:14:43:043		
000:01:28.200	95.0	75.4	29.0	94.9	0.0	0.0	0.0	0.000	0.000	0.000	0.0	0.0		14:14:43:243		
000:01:28.400	94.8	75.4	29.0	94.6	0.0	0.0	0.0	0.000	0.000	0.000	0.0	0.0		14:14:43:443		
000:01:28.600	92.9	75.4	29.0	92.7	0.0	0.0	0.0	0.000	0.000	0.000	0.0	0.0		14:14:43:643		
000:01:28.800	93.3	75.4	29.0	93.2	0.0	0.0	0.0	0.000	0.000	0.000	0.0	0.0		14:14:43:843		
000:01:29.000	93.6	75.4	29.0	93.7	0.0	0.0	0.0	0.000	0.000	0.000	0.0	0.0		14:14:44:043		
000:01:29.200	95.0	75.4	29.0	95.1	0.0	0.0	0.0	0.000	0.000	0.000	0.0	0.0		14:14:44:243		
000:01:29.400	95.2	75.4	29.0	95.2	0.0	0.0	0.0	0.000	0.000	0.000	0.0	0.0		14:14:44:443		
000:01:29.600	95.1	75.4	29.0	95.1	0.0	0.0	0.0	0.000	0.000	0.000	0.0	0.0		14:14:44:643		
000:01:29.800	95.0	75.4	29.0	95.0	0.0	0.0	0.0	0.000	0.000	0.000	0.0	0.0		14:14:44:843		
000:01:30.000	93.7	75.4	29.0	93.7	0.0	0.0	0.0	0.000	0.000	0.000	0.0	0.0		14:14:45:043		
000:01:30.200	93.4	75.4	29.0	93.4	0.0	0.0	0.0	0.000	0.000	0.000	0.0	0.0		14:14:45:243		
000:01:30.400	93.2	75.4	29.0	93.1	0.0	0.0	0.0	0.000	0.000	0.000	0.0	0.0		14:14:45:443		
000:01:30.600	93.6	75.4	29.0	93.5	0.0	0.0	0.0	0.000	0.000	0.000	0.0	0.0		14:14:45:643		
000:01:30.800	93.7	75.4	29.0	93.9	0.0	0.0	0.0	0.000	0.000	0.000	0.0	0.0		14:14:45:843		
000:01:31.000	93.7	75.4	29.0	93.8	0.0	0.0	0.0	0.000	0.000	0.000	0.0	0.0		14:14:46:043		
000:01:31.200	93.7	75.4	29.0	93.7	0.0	0.0	0.0	0.000	0.000	0.000	0.0	0.0		14:14:46:243		
000:01:31.400	94.8	75.4	29.0	94.7	0.0	0.0	0.0	0.000	0.000	0.000	0.0	0.0		14:14:46:443		
000:01:31.600	94.7	75.4	29.0	94.8	0.0	0.0	0.0	0.000	0.000	0.000	0.0	0.0		14:14:46:643		
000:01:31.800	94.6	75.4	29.0	94.8	0.0	0.0	0.0	0.000	0.000	0.000	0.0	0.0		14:14:46:843		
000:01:32.000	94.9	75.4	29.0	94.8	0.0	0.0	0.0	0.000	0.000	0.000	0.0	0.0		14:14:47:043		
000:01:32.200	94.9	75.4	29.0	94.9	0.0	0.0	0.0	0.000	0.000	0.000	0.0	0.0		14:14:47:243		
000:01:32.400	95.0	75.4	29.0	95.0	0.0	0.0	0.0	0.000	0.000	0.000	0.0	0.0		14:14:47:443		
000:01:32.600	95.0	75.4	29.0	95.0	0.0	0.0	0.0	0.000	0.000	0.000	0.0	0.0		14:14:47:643		
000:01:32.800	95.1	75.4	29.0	95.1	0.0	0.0	0.0	0.000	0.000	0.000	0.0	0.0		14:14:47:843		
000:01:33.000	95.1	75.4	29.0	95.2	0.0	0.0	0.0	0.000	0.000	0.000	0.0	0.0		14:14:48:043		
000:01:33.200	95.2	75.4	29.0	95.2	0.0	0.0	0.0	0.000	0.000	0.000	0.0	0.0		14:14:48:243		
000:01:33.400	94.6	75.4	29.0	94.4	0.0	0.0	0.0	0.000	0.000	0.000	0.0	0.0		14:14:48:443		
000:01:33.600	93.7	75.4	29.0	93.6	0.0	0.0	0.0	0.000	0.000	0.000	0.0	0.0		14:14:48:643		
000:01:33.800	92.8	75.4	29.0	92.9	0.0	0.0	0.0	0.000	0.000	0.000	0.0	0.0		14:14:48:843		
000:01:34.000	94.1	75.4	29.0	94.3	0.0	0.0	0.0	0.000	0.000	0.000	0.0	0.0		14:14:49:043		
000:01:34.200	94.6	75.4	29.0	94.8	0.0	0.0	0.0	0.000	0.000	0.000	0.0	0.0		14:14:49:243		
000:01:34.400	95.2	75.4	29.0	95.2	0.0	0.0	0.0	0.000	0.000	0.000	0.0	0.0		14:14:49:443		
000:01:34.600	95.1	75.4	29.0	95.0	0.0	0.0	0.0	0.000	0.000	0.000	0.0	0.0		14:14:49:643		
000:01:34.800	94.4	75.4	29.0	94.3	0.0	0.0	0.0	0.000	0.000	0.000	0.0	0.0		14:14:49:843		
000:01:35.000	93.7	75.4	29.0	93.5	0.0	0.0	0.0	0.000	0.000	0.000	0.0	0.0		14:14:50:043		
000:01:35.200	92.9	75.4	29.0	93.1	0.0	0.0	0.0	0.000	0.000	0.000	0.0	0.0		14:14:50:243		
000:01:35.400	93.6	75.4	29.0	93.8	0.0	0.0	0.0	0.000	0.000	0.000	0.0	0.0		14:14:50:443		
000:01:35.600	94.4	75.4	29.0	94.5	0.0	0.0	0.0	0.000	0.000	0.000	0.0	0.0		14:14:50:643		
000:01:35.800	95.2	75.4	29.0	95.2	0.0	0.0	0.0	0.000	0.000	0.000	0.0	0.0		14:14:50:843		
000:01:36.000	95.1	75.4	29.0	95.2	0.0	0.0	0.0	0.000	0.000	0.000	0.0	0.0		14:14:51:043		
000:01:36.200	95.1	75.4	29.0	95.2	0.0	0.0	0.0	0.000	0.000	0.000	0.0	0.0		14:14:51:243		
000:01:36.400	93.2	75.4	29.0	93.1	0.0	0.0	0.0	0.000	0.000	0.000	0.0	0.0		14:14:51:443		
000:01:36.600	92.7	75.4	29.0	92.8	0.0	0.0	0.0	0.000	0.000	0.000	0.0	0.0		14:14:51:643		
000:01:36.800	92.9	75.4	29.0	93.0	0.0	0.0	0.0	0.000	0.000	0.000	0.0	0.0		14:14:51:843		
000:01:37.000	93.1	75.5	29.0	93.2	0.0	0.0	0.0	0.000	0.000	0.000	0.0	0.0		14:14:52:043		
000:01:37.200	93.8	75.5	29.0	93.8	0.0	0.0	0.0	0.000	0.000	0.000	0.0	0.0		14:14:52:243		
000:01:37.400	93.9	75.5	29.0	93.9	0.0	0.0	0.0	0.000	0.000	0.000	0.0	0.0		14:14:52:443		
000:01:37.600	93.9	75.5	29.0	93.9	0.0	0.0	0.0	0.000	0.000	0.000	0.0	0.0		14:14:52:643		
000:01:37.800	94.2	75.5	29.0	94.2	0.0	0.0	0.0	0.000	0.000	0.000	0.0	0.0		14:14:52:843		
000:01:38.000	94.5	75.5	29.0	94.5	0.0	0.0	0.0	0.000	0.000	0.000	0.0	0.0		14:14:53:043		
000:01:38.200	94.9	75.5	29.0	94.9	0.0	0.0	0.0	0.000	0.000	0.000	0.0	0.0		14:14:53:243		
000:01:38.400	94.9	75.5	29.0	94.9	0.0	0.0	0.0	0.000	0.000	0.000	0.0	0.0		14:14:53:443		
000:01:38.600	95.1	75.5	29.0	95.1	0.0	0.0	0.0	0.000	0.000	0.000	0.0	0.0		14:14:53:643		
000:01:38.800	95.2	75.5	29.0	95.2	0.0	0.0	0.0	0.000	0.000	0.000	0.0	0.0		14:14:53:843		
000:01:39.000	95.2	75.5	29.0	95.2	0.0	0.0	0.0	0.000	0.000	0.000	0.0	0.0		14:14:54:043		
000:01:39.200	95.0	75.5	29.0	95.1	0.0	0.0	0.0	0.000	0.000	0.000	0.0	0.0		14:14:54:243		
000:01:39.400	95.2	75.5	29.0	95.2	0.0	0.0	0.0	0.000	0.000	0.000	0.0	0.0		14:14:54:443		
000:01:39.600	95.3	75.5	29.0	95.3	0.0	0.0	0.0	0.000	0.000	0.000	0.0	0.0		14:14:54:643		
000:01:39.800	95.2	75.5	29.0	95.2	0.0	0.0	0.0	0.000	0.000	0.000	0.0	0.0		14:14:54:843		
000:01:40.000	94.8	75.5	29.0	94.6	0.0	0.0	0.0	0.000	0.000	0.000	0.0	0.0		14:14:55:043		
000:01:40.200	94.3	75.5	29.0	94.0	0.0	0.0	0.0	0.000	0.000	0.000	0.0	0.0		14:14:55:243		
000:01:40.400	92.5	75.5	29.0	92.5	0.0	0.0	0.0	0.000	0.000	0.000	0.0	0.0		14:14:55:443		
000:01:40.600	93.2	75.6	29.0	93.3	0.0	0.0	0.0	0.000	0.000	0.000	0.0	0.0		14:14:55:643		
000:01:40.800	93.9	75.6	29.0	94.0	0.0	0.0	0.0	0.000	0.000	0.000	0.0	0.0		14:14:55:843		
000:01:41.000	95.3	75.6	29.0	95.3	0.0	0.0	0.0	0.000	0.000	0.000	0.0	0.0		14:14:56:043		
000:01:41.200	95.3	75.6	29.0	95.3	0.0	0.0	0.0	0.000	0.000	0.000	0.0	0.0		14:14:56:243		
000:01:41.400	94.8	75.6	29.0	94.6	0.0	0.0	0.0	0.000	0.000	0.000	0.0	0.0		14:14:56:443		
000:01:41.600	94.3	75.6	29.0	93.9	0.0	0.0	0.0	0.000	0.000	0.000	0.0	0.0		14:14:56:643		
000:01:41.800	93.0	75.6	29.0	93.0	0.0	0.0	0.0	0.000	0.000	0.000	0.0	0.0		14:14:56:843		
000:01:42.000	93.3	75.6	29.0	93.2	0.0	0.0	0.0	0.000	0.000	0.000	0.0	0.0		14:14:57:043		
000:01:42.200	93.5	75.6	29.0	93.4	0.0	0.0	0.0	0.000	0.000	0.000	0.0	0.0		14:14:57:243		
000:01:42.400	93.6	75.6	29.0	93.8	0.0	0.0	0.0	0.000	0.000	0.000	0.0	0.0		14:14:57:443		
000:01:42.600	93.0	75.6	29.0	93.0	0.0	0.0	0.0	0.000	0.000	0.000	0.0	0.0		14:14:57:643		
000:01:42.800	93.5	75.6	29.0	93.5	0.0	0.0	0.0	0.000	0.000	0.000	0.0	0.0		14:14:57:843		
000:01:43.000	93.9	75.6	29.0	94.1	0.0	0.0	0.0	0.000	0.000	0.000	0.0	0.0		14:14:58:043		
000:01:43.200	93.8	75.6	29.0	93.7	0.0	0.0	0.0	0.000	0.000	0.000	0.0	0.0		14:14:58:243		
000:01:43.400	94.0	75.6	29.0	94.0	0.0	0.0	0.0	0.000	0.000	0.000	0.0	0.0		14:14:58:443		
000:01:43.600	94.2	75.6	29.0	94.3	0.0	0.0	0.0	0.000	0.000	0.000	0.0	0.0		14:14:58:643		
000:01:43.800	94.8	75.6	29.0	94.7	0.0	0.0	0.0	0.000	0.000	0.000	0.0	0.0		14:14:58:843		
000:01:44.000	94.6	75.6	29.0	94.6	0.0	0.0	0.0	0.000	0.000	0.000	0.0	0.0		14:14:59:043		
000:01:44.200	94.4	75.6	29.0	94.6	0.0	0.0	0.0	0.000	0.000	0.000	0.0	0.0		14:14:59:243		
000:01:44.400	95.3	75.6	29.0	95.2	0.0	0.0	0.0	0.000	0.000	0.000	0.0	0.0		14:14:59:443		
000:01:44.600	95.1	75.6	29.0	95.1	0.0	0.0	0.0	0.000	0.000	0.000	0.0	0.0		14:14:59:643		
000:01:44.800	94.8	75.6	29.0	94.9	0.0	0.0	0.0	0.000	0.000	0.000	0.0	0.0		14:14:59:843		
000:01:45.000	95.3	75.6	29.0	95.3	0.0	0.0	0.0	0.000	0.000	0.000	0.0	0.0		14:15:00:043		
000:01:45.200	95.1	75.6	29.0	95.1	0.0	0.0	0.0	0.000	0.000	0.000	0.0	0.0		14:15:00:243		
000:01:45.400	95.1	75.6	29.0	95.1	0.0	0.0	0.0	0.000	0.000	0.000	0.0	0.0		14:15:00:443		
000:01:45.600	95.2	75.6	29.0	95.1	0.0	0.0	0.0	0.000	0.000	0.000	0.0	0.0		14:15:00:643		
000:01:45.800	192.0	75.6	29.0	196.2	0.0	0.0	0.0	0.000	0.000	0.000	0.0	0.0		14:15:00:843		
000:01:46.000	197.4	75.6	29.0	199.4	0.0	0.0	0.0	0.000	0.000	0.000	0.0	0.0		14:15:01:043		
000:01:46.200	202.7	75.6	29.0	202.6	0.0	0.0	0.0	0.000	0.000	0.000	0.0	0.0		14:15:01:243		
000:01:46.400	200.8	75.7	29.0	200.5	0.0	0.0	0.0	0.000	0.000	0.000	0.0	0.0		14:15:01:443		
000:01:46.600	198.7	75.7	29.0	198.6	0.0	0.0	0.0	0.000	0.000	0.000	0.0	0.0		14:15:01:643		
000:01:46.800	197.9	75.7	29.0	197.8	0.0	0.0	0.0	0.000	0.000	0.000	0.0	0.0		14:15:01:843		
000:01:47.000	197.1	75.7	29.0	197.0	0.0	0.0	0.0	0.000	0.000	0.000	0.0	0.0		14:15:02:043		
000:01:47.200	195.5	75.7	29.0	195.4	0.0	0.0	0.0	0.000	0.000	0.000	0.0	0.0		14:15:02:243		
000:01:47.400	194.8	75.7	29.0	194.7	0.0	0.0	0.0	0.000	0.000	0.000	0.0	0.0		14:15:02:443		
000:01:47.600	194.1	75.7	29.0	193.9	0.0	0.0	0.0	0.000	0.000	0.000	0.0	0.0		14:15:02:643		
000:01:47.800	192.7	75.7	29.0	192.6	0.0	0.0	0.0	0.000	0.000	0.000	0.0	0.0		14:15:02:843		
000:01:48.000	192.0	75.7	29.0	191.9	0.0	0.0	0.0	0.000	0.000	0.000	0.0	0.0		14:15:03:043		
000:01:48.200	191.3	75.7	29.0	191.2	0.0	0.0	0.0	0.000	0.000	0.000	0.0	0.0		14:15:03:243		
000:01:48.400	190.3	75.7	29.0	190.2	0.0	0.0	0.0	0.000	0.000	0.000	0.0	0.0		14:15:03:443		
000:01:48.600	189.0	75.7	29.0	188.9	0.0	0.0	0.0	0.000	0.000	0.000	0.0	0.0		14:15:03:643		
000:01:48.800	188.5	75.7	29.0	188.4	0.0	0.0	0.0	0.000	0.000	0.000	0.0	0.0		14:15:03:843		
000:01:49.000	187.9	75.7	29.0	187.8	0.0	0.0	0.0	0.000	0.000	0.000	0.0	0.0		14:15:04:043		
000:01:49.200	186.8	75.7	29.0	186.7	0.0	0.0	0.0	0.000	0.000	0.000	0.0	0.0		14:15:04:243		
000:01:49.400	186.3	75.8	29.0	186.1	0.0	0.0	0.0	0.000	0.000	0.000	0.0	0.0		14:15:04:443		
000:01:49.600	185.7	75.8	29.0	185.6	0.0	0.0	0.0	0.000	0.000	0.000	0.0	0.0		14:15:04:643		
000:01:49.800	184.6	75.8	29.0	184.6	0.0	0.0	0.0	0.000	0.000	0.000	0.0	0.0		14:15:04:843		
000:01:50.000	184.2	75.8	29.0	184.2	0.0	0.0	0.0	0.000	0.000	0.000	0.0	0.0		14:15:05:043		
000:01:50.200	183.7	75.8	29.0	183.7	0.0	0.0	0.0	0.000	0.000	0.000	0.0	0.0		14:15:05:243		
000:01:50.400	183.0	75.8	29.0	182.8	0.0	0.0	0.0	0.000	0.000	0.000	0.0	0.0		14:15:05:443		
000:01:50.600	182.5	75.8	29.0	182.3	0.0	0.0	0.0	0.000	0.000	0.000	0.0	0.0		14:15:05:643		
000:01:50.800	182.0	75.8	29.0	181.8	0.0	0.0	0.0	0.000	0.000	0.000	0.0	0.0		14:15:05:843		
000:01:51.000	180.9	75.8	29.0	180.9	0.0	0.0	0.0	0.000	0.000	0.000	0.0	0.0		14:15:06:043		
000:01:51.200	179.9	75.7	29.0	179.8	0.0	0.0	0.0	0.000	0.000	0.000	0.0	0.0		14:15:06:243		
000:01:51.400	179.4	75.7	29.0	179.4	0.0	0.0	0.0	0.000	0.000	0.000	0.0	0.0		14:15:06:443		
000:01:51.600	179.0	75.7	29.0	178.9	0.0	0.0	0.0	0.000	0.000	0.000	0.0	0.0		14:15:06:643		
000:01:51.800	178.3	75.7	29.0	178.2	0.0	0.0	0.0	0.000	0.000	0.000	0.0	0.0		14:15:06:843		
000:01:52.000	177.9	75.7	29.0	177.8	0.0	0.0	0.0	0.000	0.000	0.000	0.0	0.0		14:15:07:043		
000:01:52.200	177.5	75.7	29.0	177.4	0.0	0.0	0.0	0.000	0.000	0.000	0.0	0.0		14:15:07:243		
000:01:52.400	176.7	75.8	29.0	176.6	0.0	0.0	0.0	0.000	0.000	0.000	0.0	0.0		14:15:07:443		
000:01:52.600	176.4	75.8	29.0	176.3	0.0	0.0	0.0	0.000	0.000	0.000	0.0	0.0		14:15:07:643		
000:01:52.800	176.0	75.8	29.0	176.0	0.0	0.0	0.0	0.000	0.000	0.000	0.0	0.0		14:15:07:843		
000:01:53.000	175.4	75.8	29.0	175.3	0.0	0.0	0.0	0.000	0.000	0.000	0.0	0.0		14:15:08:043		
000:01:53.200	175.1	75.8	29.0	174.9	0.0	0.0	0.0	0.000	0.000	0.000	0.0	0.0		14:15:08:243		
000:01:53.400	174.7	75.8	29.0	174.6	0.0	0.0	0.0	0.000	0.000	0.000	0.0	0.0		14:15:08:443		
000:01:53.600	174.0	75.8	29.0	173.9	0.0	0.0	0.0	0.000	0.000	0.000	0.0	0.0		14:15:08:643		
000:01:53.800	173.3	75.8	29.0	173.2	0.0	0.0	0.0	0.000	0.000	0.000	0.0	0.0		14:15:08:843		
000:01:54.000	172.9	75.8	29.0	172.9	0.0	0.0	0.0	0.000	0.000	0.000	0.0	0.0		14:15:09:043		
000:01:54.200	172.6	75.8	29.0	172.6	0.0	0.0	0.0	0.000	0.000	0.000	0.0	0.0		14:15:09:243		
000:01:54.400	171.8	75.8	29.0	171.8	0.0	0.0	0.0	0.000	0.000	0.000	0.0	0.0		14:15:09:443		
000:01:54.600	171.5	75.8	29.0	171.5	0.0	0.0	0.0	0.000	0.000	0.000	0.0	0.0		14:15:09:643		
000:01:54.800	171.1	75.8	29.0	171.1	0.0	0.0	0.0	0.000	0.000	0.000	0.0	0.0		14:15:09:843		
000:01:55.000	170.5	75.8	29.0	170.4	0.0	0.0	0.0	0.000	0.000	0.000	0.0	0.0		14:15:10:043		
000:01:55.200	170.1	75.8	29.0	170.0	0.0	0.0	0.0	0.000	0.000	0.000	0.0	0.0		14:15:10:243		
000:01:55.400	169.8	75.8	29.0	169.7	0.0	0.0	0.0	0.000	0.000	0.000	0.0	0.0		14:15:10:443		
000:01:55.600	169.3	75.8	29.0	169.3	0.0	0.0	0.0	0.000	0.000	0.000	0.0	0.0		14:15:10:643		
000:01:55.800	168.7	75.8	29.0	168.7	0.0	0.0	0.0	0.000	0.000	0.000	0.0	0.0		14:15:10:843		
000:01:56.000	168.4	75.8	29.0	168.4	0.0	0.0	0.0	0.000	0.000	0.000	0.0	0.0		14:15:11:043		
000:01:56.200	168.0	75.8	29.0	168.0	0.0	0.0	0.0	0.000	0.000	0.000	0.0	0.0		14:15:11:243		
000:01:56.400	167.5	75.8	29.0	167.5	0.0	0.0	0.0	0.000	0.000	0.000	0.0	0.0		14:15:11:443		
000:01:56.600	167.3	75.8	29.0	167.2	0.0	0.0	0.0	0.000	0.000	0.000	0.0	0.0		14:15:11:643		
000:01:56.800	167.0	75.8	29.0	166.9	0.0	0.0	0.0	0.000	0.000	0.000	0.0	0.0		14:15:11:843		
000:01:57.000	166.4	75.8	29.0	166.4	0.0	0.0	0.0	0.000	0.000	0.000	0.0	0.0		14:15:12:043		
000:01:57.200	165.8	75.8	29.0	165.8	0.0	0.0	0.0	0.000	0.000	0.000	0.0	0.0		14:15:12:243		
000:01:57.400	165.5	75.8	29.0	165.5	0.0	0.0	0.0	0.000	0.000	0.000	0.0	0.0		14:15:12:443		
000:01:57.600	165.3	75.8	29.0	165.3	0.0	0.0	0.0	0.000	0.000	0.000	0.0	0.0		14:15:12:643		
000:01:57.800	164.8	75.8	29.0	164.7	0.0	0.0	0.0	0.000	0.000	0.000	0.0	0.0		14:15:12:843		
000:01:58.000	164.5	75.8	29.0	164.5	0.0	0.0	0.0	0.000	0.000	0.000	0.0	0.0		14:15:13:043		
000:01:58.200	164.3	75.8	29.0	164.3	0.0	0.0	0.0	0.000	0.000	0.000	0.0	0.0		14:15:13:243		
000:01:58.400	163.9	75.8	29.0	163.8	0.0	0.0	0.0	0.000	0.000	0.000	0.0	0.0		14:15:13:443		
000:01:58.600	163.5	75.8	29.0	163.5	0.0	0.0	0.0	0.000	0.000	0.000	0.0	0.0		14:15:13:643		
000:01:58.800	163.2	75.8	29.0	163.2	0.0	0.0	0.0	0.000	0.000	0.000	0.0	0.0		14:15:13:843		
000:01:59.000	162.6	75.8	29.0	162.6	0.0	0.0	0.0	0.000	0.000	0.000	0.0	0.0		14:15:14:043		
000:01:59.200	162.2	75.8	29.0	162.2	0.0	0.0	0.0	0.000	0.000	0.000	0.0	0.0		14:15:14:243		
000:01:59.400	162.0	75.8	29.0	162.0	0.0	0.0	0.0	0.000	0.000	0.000	0.0	0.0		14:15:14:443		
000:01:59.600	161.8	75.8	29.0	161.8	0.0	0.0	0.0	0.000	0.000	0.000	0.0	0.0		14:15:14:643		
000:01:59.800	161.3	75.8	29.0	161.3	0.0	0.0	0.0	0.000	0.000	0.000	0.0	0.0		14:15:14:843		
000:02:00.000	161.1	75.8	29.0	161.1	0.0	0.0	0.0	0.000	0.000	0.000	0.0	0.0		14:15:15:043		
000:02:00.200	160.9	75.8	29.0	160.9	0.0	0.0	0.0	0.000	0.000	0.000	0.0	0.0		14:15:15:243		
000:02:00.400	160.5	75.8	29.0	160.5	0.0	0.0	0.0	0.000	0.000	0.000	0.0	0.0		14:15:15:443		
000:02:00.600	160.2	75.8	29.0	160.2	0.0	0.0	0.0	0.000	0.000	0.000	0.0	0.0		14:15:15:643		
000:02:00.800	160.0	75.8	29.0	160.0	0.0	0.0	0.0	0.000	0.000	0.000	0.0	0.0		14:15:15:843		
000:02:01.000	159.9	75.8	29.0	159.8	0.0	0.0	0.0	0.000	0.000	0.000	0.0	0.0		14:15:16:043		
000:02:01.200	159.4	75.8	29.0	159.4	0.0	0.0	0.0	0.000	0.000	0.000	0.0	0.0		14:15:16:243		
000:02:01.400	159.3	75.8	29.0	159.2	0.0	0.0	0.0	0.000	0.000	0.000	0.0	0.0		14:15:16:443		
000:02:01.600	159.1	75.8	29.0	159.0	0.0	0.0	0.0	0.000	0.000	0.000	0.0	0.0		14:15:16:643		
000:02:01.800	158.7	75.8	29.0	158.6	0.0	0.0	0.0	0.000	0.000	0.000	0.0	0.0		14:15:16:843		
000:02:02.000	158.3	75.8	29.0	158.2	0.0	0.0	0.0	0.000	0.000	0.000	0.0	0.0		14:15:17:043		
000:02:02.200	158.1	75.8	29.0	158.0	0.0	0.0	0.0	0.000	0.000	0.000	0.0	0.0		14:15:17:243		
000:02:02.400	158.0	75.8	29.0	157.9	0.0	0.0	0.0	0.000	0.000	0.000	0.0	0.0		14:15:17:443		
000:02:02.600	157.6	75.8	29.0	157.6	0.0	0.0	0.0	0.000	0.000	0.000	0.0	0.0		14:15:17:643		
000:02:02.800	157.4	75.8	29.0	157.4	0.0	0.0	0.0	0.000	0.000	0.000	0.0	0.0		14:15:17:843		
000:02:03.000	157.3	75.8	29.0	157.3	0.0	0.0	0.0	0.000	0.000	0.000	0.0	0.0		14:15:18:043		
000:02:03.200	156.9	75.8	29.0	156.8	0.0	0.0	0.0	0.000	0.000	0.000	0.0	0.0		14:15:18:243		
000:02:03.400	156.7	75.8	29.0	156.6	0.0	0.0	0.0	0.000	0.000	0.000	0.0	0.0		14:15:18:443		
000:02:03.600	156.5	75.8	29.0	156.5	0.0	0.0	0.0	0.000	0.000	0.000	0.0	0.0		14:15:18:643		
000:02:03.800	156.3	75.8	29.0	156.2	0.0	0.0	0.0	0.000	0.000	0.000	0.0	0.0		14:15:18:843		
000:02:04.000	156.1	75.8	29.0	156.0	0.0	0.0	0.0	0.000	0.000	0.000	0.0	0.0		14:15:19:043		
000:02:04.200	156.0	75.8	29.0	155.9	0.0	0.0	0.0	0.000	0.000	0.000	0.0	0.0		14:15:19:243		
000:02:04.400	155.7	75.8	29.0	155.6	0.0	0.0	0.0	0.000	0.000	0.000	0.0	0.0		14:15:19:443		
000:02:04.600	155.5	75.8	29.0	155.5	0.0	0.0	0.0	0.000	0.000	0.000	0.0	0.0		14:15:19:643		
000:02:04.800	155.4	75.8	29.0	155.4	0.0	0.0	0.0	0.000	0.000	0.000	0.0	0.0		14:15:19:843		
000:02:05.000	155.4	75.8	29.0	155.3	0.0	0.0	0.0	0.000	0.000	0.000	0.0	0.0		14:15:20:043		
000:02:05.200	155.2	75.8	29.0	155.2	0.0	0.0	0.0	0.000	0.000	0.000	0.0	0.0		14:15:20:243		
000:02:05.400	155.2	75.8	29.0	155.2	0.0	0.0	0.0	0.000	0.000	0.000	0.0	0.0		14:15:20:443		
000:02:05.600	155.2	75.8	29.0	155.2	0.0	0.0	0.0	0.000	0.000	0.000	0.0	0.0		14:15:20:643		
000:02:05.800	155.2	75.8	29.0	155.2	0.0	0.0	0.0	0.000	0.000	0.000	0.0	0.0		14:15:20:843		
000:02:06.000	155.2	75.8	29.0	155.2	0.0	0.0	0.0	0.000	0.000	0.000	0.0	0.0		14:15:21:043		
000:02:06.200	155.2	75.8	29.0	155.2	0.0	0.0	0.0	0.000	0.000	0.000	0.0	0.0		14:15:21:243		
000:02:06.400	155.1	75.8	29.0	155.1	0.0	0.0	0.0	0.000	0.000	0.000	0.0	0.0		14:15:21:443		
000:02:06.600	155.1	75.8	29.0	155.1	0.0	0.0	0.0	0.000	0.000	0.000	0.0	0.0		14:15:21:643		
000:02:06.800	155.1	75.8	29.0	155.1	0.0	0.0	0.0	0.000	0.000	0.000	0.0	0.0		14:15:21:843		
000:02:07.000	155.2	75.8	29.0	155.2	0.0	0.0	0.0	0.000	0.000	0.000	0.0	0.0		14:15:22:043		
000:02:07.200	155.2	75.8	29.0	155.2	0.0	0.0	0.0	0.000	0.000	0.000	0.0	0.0		14:15:22:243		
000:02:07.400	155.2	75.8	29.0	155.2	0.0	0.0	0.0	0.000	0.000	0.000	0.0	0.0		14:15:22:443		
000:02:07.600	155.2	75.8	29.0	155.2	0.0	0.0	0.0	0.000	0.000	0.000	0.0	0.0		14:15:22:643		
000:02:07.800	155.2	75.8	29.0	155.2	0.0	0.0	0.0	0.000	0.000	0.000	0.0	0.0		14:15:22:843		
000:02:08.000	155.4	75.8	29.0	155.4	0.0	0.0	0.0	0.000	0.000	0.000	0.0	0.0		14:15:23:043		
000:02:08.200	155.5	75.8	29.0	155.5	0.0	0.0	0.0	0.000	0.000	0.000	0.0	0.0		14:15:23:243		
000:02:08.400	155.5	75.9	29.0	155.5	0.0	0.0	0.0	0.000	0.000	0.000	0.0	0.0		14:15:23:443		
000:02:08.600	155.5	75.9	29.0	155.5	0.0	0.0	0.0	0.000	0.000	0.000	0.0	0.0		14:15:23:643		
000:02:08.800	155.5	75.9	29.0	155.5	0.0	0.0	0.0	0.000	0.000	0.000	0.0	0.0		14:15:23:843		
000:02:09.000	155.5	75.9	29.0	155.5	0.0	0.0	0.0	0.000	0.000	0.000	0.0	0.0		14:15:24:043		
000:02:09.200	155.5	75.9	29.0	155.4	0.0	0.0	0.0	0.000	0.000	0.000	0.0	0.0		14:15:24:243		
000:02:09.400	155.5	75.9	29.0	155.4	0.0	0.0	0.0	0.000	0.000	0.000	0.0	0.0		14:15:24:443		
000:02:09.600	155.5	75.9	29.0	155.4	0.0	0.0	0.0	0.000	0.000	0.000	0.0	0.0		14:15:24:643		
000:02:09.800	155.4	75.9	29.0	155.4	0.0	0.0	0.0	0.000	0.000	0.000	0.0	0.0		14:15:24:843		
000:02:10.000	155.3	75.9	29.0	155.3	0.0	0.0	0.0	0.000	0.000	0.000	0.0	0.0		14:15:25:043		
000:02:10.200	155.3	75.9	29.0	155.3	0.0	0.0	0.0	0.000	0.000	0.000	0.0	0.0		14:15:25:243		
000:02:10.400	155.2	75.9	29.0	155.2	0.0	0.0	0.0	0.000	0.000	0.000	0.0	0.0		14:15:25:443		
000:02:10.600	155.2	75.9	29.0	155.2	0.0	0.0	0.0	0.000	0.000	0.000	0.0	0.0		14:15:25:643		
000:02:10.800	155.2	75.9	29.0	155.2	0.0	0.0	0.0	0.000	0.000	0.000	0.0	0.0		14:15:25:843		
000:02:11.000	155.1	75.9	29.0	155.1	0.0	0.0	0.0	0.000	0.000	0.000	0.0	0.0		14:15:26:043		
000:02:11.200	155.0	75.9	29.0	155.0	0.0	0.0	0.0	0.000	0.000	0.000	0.0	0.0		14:15:26:243		
000:02:11.400	155.0	75.9	29.0	155.0	0.0	0.0	0.0	0.000	0.000	0.000	0.0	0.0		14:15:26:443		
000:02:11.600	155.0	75.9	29.0	155.0	0.0	0.0	0.0	0.000	0.000	0.000	0.0	0.0		14:15:26:643		
000:02:11.800	155.0	75.9	29.0	155.0	0.0	0.0	0.0	0.000	0.000	0.000	0.0	0.0		14:15:26:843		
000:02:12.000	154.9	75.9	29.0	154.9	0.0	0.0	0.0	0.000	0.000	0.000	0.0	0.0		14:15:27:043		
000:02:12.200	154.7	75.9	29.0	154.7	0.0	0.0	0.0	0.000	0.000	0.000	0.0	0.0		14:15:27:243		
000:02:12.400	154.5	75.9	29.0	154.5	0.0	0.0	0.0	0.000	0.000	0.000	0.0	0.0		14:15:27:443		
000:02:12.600	154.4	75.9	29.0	154.4	0.0	0.0	0.0	0.000	0.000	0.000	0.0	0.0		14:15:27:643		
000:02:12.800	154.4	75.9	29.0	154.3	0.0	0.0	0.0	0.000	0.000	0.000	0.0	0.0		14:15:27:843		
000:02:13.000	154.1	75.9	29.0	154.0	0.0	0.0	0.0	0.000	0.000	0.000	0.0	0.0		14:15:28:043		
000:02:13.200	154.0	75.9	29.0	153.9	0.0	0.0	0.0	0.000	0.000	0.000	0.0	0.0		14:15:28:243		
000:02:13.400	153.9	75.9	29.0	153.9	0.0	0.0	0.0	0.000	0.000	0.000	0.0	0.0		14:15:28:443		
000:02:13.600	153.8	75.9	29.0	153.9	0.0	0.0	0.0	0.000	0.000	0.000	0.0	0.0		14:15:28:643		
000:02:13.800	153.8	75.9	29.0	153.8	0.0	0.0	0.0	0.000	0.000	0.000	0.0	0.0		14:15:28:843		
000:02:14.000	153.7	75.9	29.0	153.7	0.0	0.0	0.0	0.000	0.000	0.000	0.0	0.0		14:15:29:043		
000:02:14.200	153.6	75.9	29.0	153.5	0.0	0.0	0.0	0.000	0.000	0.000	0.0	0.0		14:15:29:243		
000:02:14.400	153.4	75.9	29.0	153.4	0.0	0.0	0.0	0.000	0.000	0.000	0.0	0.0		14:15:29:443		
000:02:14.600	153.4	75.9	29.0	153.4	0.0	0.0	0.0	0.000	0.000	0.000	0.0	0.0		14:15:29:643		
000:02:14.800	153.3	75.9	29.0	153.3	0.0	0.0	0.0	0.000	0.000	0.000	0.0	0.0		14:15:29:843		
000:02:15.000	153.0	75.9	29.0	152.9	0.0	0.0	0.0	0.000	0.000	0.000	0.0	0.0		14:15:30:043		
000:02:15.200	152.8	76.0	29.0	152.8	0.0	0.0	0.0	0.000	0.000	0.000	0.0	0.0		14:15:30:243		
000:02:15.400	152.8	76.0	29.0	152.9	0.0	0.0	0.0	0.000	0.000	0.000	0.0	0.0		14:15:30:443		
000:02:15.600	152.8	76.0	29.0	152.9	0.0	0.0	0.0	0.000	0.000	0.000	0.0	0.0		14:15:30:643		
000:02:15.800	152.7	76.0	29.0	152.7	0.0	0.0	0.0	0.000	0.000	0.000	0.0	0.0		14:15:30:843		
000:02:16.000	152.6	76.0	29.0	152.6	0.0	0.0	0.0	0.000	0.000	0.000	0.0	0.0		14:15:31:043		
000:02:16.200	152.5	76.0	29.0	152.5	0.0	0.0	0.0	0.000	0.000	0.000	0.0	0.0		14:15:31:243		
000:02:16.400	152.3	76.0	29.0	152.2	0.0	0.0	0.0	0.000	0.000	0.000	0.0	0.0		14:15:31:443		
000:02:16.600	152.1	76.0	29.0	152.1	0.0	0.0	0.0	0.000	0.000	0.000	0.0	0.0		14:15:31:643		
000:02:16.800	152.0	76.0	29.0	152.1	0.0	0.0	0.0	0.000	0.000	0.000	0.0	0.0		14:15:31:843		
000:02:17.000	151.8	76.0	29.0	151.8	0.0	0.0	0.0	0.000	0.000	0.000	0.0	0.0		14:15:32:043		
000:02:17.200	151.6	76.0	29.0	151.6	0.0	0.0	0.0	0.000	0.000	0.000	0.0	0.0		14:15:32:243		
000:02:17.400	151.6	76.0	29.0	151.6	0.0	0.0	0.0	0.000	0.000	0.000	0.0	0.0		14:15:32:443		
000:02:17.600	151.5	76.0	29.0	151.6	0.0	0.0	0.0	0.000	0.000	0.000	0.0	0.0		14:15:32:643		
000:02:17.800	151.3	76.0	29.0	151.4	0.0	0.0	0.0	0.000	0.000	0.000	0.0	0.0		14:15:32:843		
000:02:18.000	151.2	76.0	29.0	151.3	0.0	0.0	0.0	0.000	0.000	0.000	0.0	0.0		14:15:33:043		
000:02:18.200	151.1	76.0	29.0	151.1	0.0	0.0	0.0	0.000	0.000	0.000	0.0	0.0		14:15:33:243		
000:02:18.400	151.1	76.0	29.0	151.0	0.0	0.0	0.0	0.000	0.000	0.000	0.0	0.0		14:15:33:443		
000:02:18.600	150.8	76.0	29.0	150.8	0.0	0.0	0.0	0.000	0.000	0.000	0.0	0.0		14:15:33:643		
000:02:18.800	150.7	76.0	29.0	150.7	0.0	0.0	0.0	0.000	0.000	0.000	0.0	0.0		14:15:33:843		
000:02:19.000	150.6	76.0	29.0	150.6	0.0	0.0	0.0	0.000	0.000	0.000	0.0	0.0		14:15:34:043		
000:02:19.200	150.4	76.0	29.0	150.4	0.0	0.0	0.0	0.000	0.000	0.000	0.0	0.0		14:15:34:243		
000:02:19.400	150.3	76.0	29.0	150.3	0.0	0.0	0.0	0.000	0.000	0.000	0.0	0.0		14:15:34:443		
000:02:19.600	150.1	76.0	29.0	150.1	0.0	0.0	0.0	0.000	0.000	0.000	0.0	0.0		14:15:34:643		
000:02:19.800	149.9	76.0	29.0	149.9	0.0	0.0	0.0	0.000	0.000	0.000	0.0	0.0		14:15:34:843		
000:02:20.000	149.8	76.0	29.0	149.8	0.0	0.0	0.0	0.000	0.000	0.000	0.0	0.0		14:15:35:043		
000:02:20.200	149.7	76.0	29.0	149.7	0.0	0.0	0.0	0.000	0.000	0.000	0.0	0.0		14:15:35:243		
000:02:20.400	149.5	76.0	29.0	149.5	0.0	0.0	0.0	0.000	0.000	0.000	0.0	0.0		14:15:35:443		
000:02:20.600	149.2	76.0	29.0	149.2	0.0	0.0	0.0	0.000	0.000	0.000	0.0	0.0		14:15:35:643		
000:02:20.800	149.0	76.0	29.0	149.0	0.0	0.0	0.0	0.000	0.000	0.000	0.0	0.0		14:15:35:843		
000:02:21.000	148.9	76.0	29.0	148.9	0.0	0.0	0.0	0.000	0.000	0.000	0.0	0.0		14:15:36:043		
000:02:21.200	148.7	76.0	29.0	148.7	0.0	0.0	0.0	0.000	0.000	0.000	0.0	0.0		14:15:36:243		
000:02:21.400	148.5	76.0	29.0	148.5	0.0	0.0	0.0	0.000	0.000	0.000	0.0	0.0		14:15:36:443		
000:02:21.600	148.4	76.0	29.0	148.4	0.0	0.0	0.0	0.000	0.000	0.000	0.0	0.0		14:15:36:643		
000:02:21.800	148.2	76.0	29.0	148.1	0.0	0.0	0.0	0.000	0.000	0.000	0.0	0.0		14:15:36:843		
000:02:22.000	148.1	76.0	29.0	148.0	0.0	0.0	0.0	0.000	0.000	0.000	0.0	0.0		14:15:37:043		
000:02:22.200	147.9	76.0	29.0	147.9	0.0	0.0	0.0	0.000	0.000	0.000	0.0	0.0		14:15:37:243		
000:02:22.400	147.6	76.0	29.0	147.6	0.0	0.0	0.0	0.000	0.000	0.000	0.0	0.0		14:15:37:443		
000:02:22.600	147.6	76.0	29.0	147.5	0.0	0.0	0.0	0.000	0.000	0.000	0.0	0.0		14:15:37:643		
000:02:22.800	147.5	76.0	29.0	147.4	0.0	0.0	0.0	0.000	0.000	0.000	0.0	0.0		14:15:37:843		
000:02:23.000	147.2	76.0	29.0	147.2	0.0	0.0	0.0	0.000	0.000	0.000	0.0	0.0		14:15:38:043		
000:02:23.200	147.0	76.0	29.0	147.0	0.0	0.0	0.0	0.000	0.000	0.000	0.0	0.0		14:15:38:243		
000:02:23.400	146.9	76.0	29.0	146.9	0.0	0.0	0.0	0.000	0.000	0.000	0.0	0.0		14:15:38:443		
000:02:23.600	146.8	76.0	29.0	146.8	0.0	0.0	0.0	0.000	0.000	0.000	0.0	0.0		14:15:38:643		
000:02:23.800	146.6	76.0	29.0	146.6	0.0	0.0	0.0	0.000	0.000	0.000	0.0	0.0		14:15:38:843		
000:02:24.000	146.5	76.0	29.0	146.5	0.0	0.0	0.0	0.000	0.000	0.000	0.0	0.0		14:15:39:043		
000:02:24.200	146.4	76.0	29.0	146.3	0.0	0.0	0.0	0.000	0.000	0.000	0.0	0.0		14:15:39:243		
000:02:24.400	146.1	76.0	29.0	146.1	0.0	0.0	0.0	0.000	0.000	0.000	0.0	0.0		14:15:39:443		
000:02:24.600	145.9	76.0	29.0	145.9	0.0	0.0	0.0	0.000	0.000	0.000	0.0	0.0		14:15:39:643		
000:02:24.800	145.8	76.0	29.0	145.8	0.0	0.0	0.0	0.000	0.000	0.000	0.0	0.0		14:15:39:843		
000:02:25.000	145.6	76.0	29.0	145.6	0.0	0.0	0.0	0.000	0.000	0.000	0.0	0.0		14:15:40:043		
000:02:25.200	145.3	76.0	29.0	145.3	0.0	0.0	0.0	0.000	0.000	0.000	0.0	0.0		14:15:40:243		
000:02:25.400	145.2	76.0	29.0	145.2	0.0	0.0	0.0	0.000	0.000	0.000	0.0	0.0		14:15:40:443		
000:02:25.600	145.1	76.0	29.0	145.1	0.0	0.0	0.0	0.000	0.000	0.000	0.0	0.0		14:15:40:643		
000:02:25.800	144.9	76.0	29.0	144.9	0.0	0.0	0.0	0.000	0.000	0.000	0.0	0.0		14:15:40:843		
000:02:26.000	144.6	76.0	29.0	144.6	0.0	0.0	0.0	0.000	0.000	0.000	0.0	0.0		14:15:41:043		
000:02:26.200	144.5	76.0	29.0	144.5	0.0	0.0	0.0	0.000	0.000	0.000	0.0	0.0		14:15:41:243		
000:02:26.400	144.3	76.0	29.0	144.3	0.0	0.0	0.0	0.000	0.000	0.000	0.0	0.0		14:15:41:443		
000:02:26.600	144.1	76.0	29.0	144.0	0.0	0.0	0.0	0.000	0.000	0.000	0.0	0.0		14:15:41:643		
000:02:26.800	143.9	76.0	29.0	143.8	0.0	0.0	0.0	0.000	0.000	0.000	0.0	0.0		14:15:41:843		
000:02:27.000	143.8	76.0	29.0	143.7	0.0	0.0	0.0	0.000	0.000	0.000	0.0	0.0		14:15:42:043		
000:02:27.200	143.5	76.0	29.0	143.5	0.0	0.0	0.0	0.000	0.000	0.000	0.0	0.0		14:15:42:243		
000:02:27.400	143.4	76.0	29.0	143.4	0.0	0.0	0.0	0.000	0.000	0.000	0.0	0.0		14:15:42:443		
000:02:27.600	143.2	76.0	29.0	143.2	0.0	0.0	0.0	0.000	0.000	0.000	0.0	0.0		14:15:42:643		
000:02:27.800	143.1	76.0	29.0	143.0	0.0	0.0	0.0	0.000	0.000	0.000	0.0	0.0		14:15:42:843		
000:02:28.000	142.7	76.0	29.0	142.7	0.0	0.0	0.0	0.000	0.000	0.000	0.0	0.0		14:15:43:043		
000:02:28.200	142.6	76.0	29.0	142.6	0.0	0.0	0.0	0.000	0.000	0.000	0.0	0.0		14:15:43:243		
000:02:28.400	142.5	76.0	29.0	142.5	0.0	0.0	0.0	0.000	0.000	0.000	0.0	0.0		14:15:43:443		
000:02:28.600	142.2	76.0	29.0	142.2	0.0	0.0	0.0	0.000	0.000	0.000	0.0	0.0		14:15:43:643		
000:02:28.800	142.1	76.0	29.0	142.1	0.0	0.0	0.0	0.000	0.000	0.000	0.0	0.0		14:15:43:843		
000:02:29.000	142.0	76.0	29.0	142.0	0.0	0.0	0.0	0.000	0.000	0.000	0.0	0.0		14:15:44:043		
000:02:29.200	141.8	76.0	29.0	141.7	0.0	0.0	0.0	0.000	0.000	0.000	0.0	0.0		14:15:44:243		
000:02:29.400	141.6	76.0	29.0	141.5	0.0	0.0	0.0	0.000	0.000	0.000	0.0	0.0		14:15:44:443		
000:02:29.600	141.4	76.0	29.0	141.4	0.0	0.0	0.0	0.000	0.000	0.000	0.0	0.0		14:15:44:643		
000:02:29.800	141.2	76.0	29.0	141.1	0.0	0.0	0.0	0.000	0.000	0.000	0.0	0.0		14:15:44:843		
000:02:30.000	140.9	76.0	29.0	140.9	0.0	0.0	0.0	0.000	0.000	0.000	0.0	0.0		14:15:45:043		
000:02:30.200	140.8	76.0	29.0	140.8	0.0	0.0	0.0	0.000	0.000	0.000	0.0	0.0		14:15:45:243		
000:02:30.400	140.7	76.0	29.0	140.6	0.0	0.0	0.0	0.000	0.000	0.000	0.0	0.0		14:15:45:443		
000:02:30.600	140.3	76.0	29.0	140.2	0.0	0.0	0.0	0.000	0.000	0.000	0.0	0.0		14:15:45:643		
000:02:30.800	140.2	76.0	29.0	140.1	0.0	0.0	0.0	0.000	0.000	0.000	0.0	0.0		14:15:45:843		
000:02:31.000	140.0	76.0	29.0	140.0	0.0	0.0	0.0	0.000	0.000	0.000	0.0	0.0		14:15:46:043		
000:02:31.200	139.8	76.0	29.0	139.8	0.0	0.0	0.0	0.000	0.000	0.000	0.0	0.0		14:15:46:243		
000:02:31.400	139.4	76.0	29.0	139.4	0.0	0.0	0.0	0.000	0.000	0.000	0.0	0.0		14:15:46:443		
000:02:31.600	139.3	76.0	29.0	139.3	0.0	0.0	0.0	0.000	0.000	0.000	0.0	0.0		14:15:46:643		
000:02:31.800	139.3	76.0	29.0	139.2	0.0	0.0	0.0	0.000	0.000	0.000	0.0	0.0		14:15:46:843		
000:02:32.000	138.9	76.0	29.0	138.8	0.0	0.0	0.0	0.000	0.000	0.000	0.0	0.0		14:15:47:043		
000:02:32.200	138.9	76.0	29.0	138.8	0.0	0.0	0.0	0.000	0.000	0.000	0.0	0.0		14:15:47:243		
000:02:32.400	138.8	76.0	29.0	138.7	0.0	0.0	0.0	0.000	0.000	0.000	0.0	0.0		14:15:47:443		
000:02:32.600	138.4	76.0	29.0	138.4	0.0	0.0	0.0	0.000	0.000	0.000	0.0	0.0		14:15:47:643		
000:02:32.800	138.3	76.0	29.0	138.3	0.0	0.0	0.0	0.000	0.000	0.000	0.0	0.0		14:15:47:843		
000:02:33.000	138.2	76.0	29.0	138.2	0.0	0.0	0.0	0.000	0.000	0.000	0.0	0.0		14:15:48:043		
000:02:33.200	137.9	76.0	29.0	137.9	0.0	0.0	0.0	0.000	0.000	0.000	0.0	0.0		14:15:48:243		
000:02:33.400	137.8	76.0	29.0	137.8	0.0	0.0	0.0	0.000	0.000	0.000	0.0	0.0		14:15:48:443		
000:02:33.600	137.6	76.0	29.0	137.6	0.0	0.0	0.0	0.000	0.000	0.000	0.0	0.0		14:15:48:643		
000:02:33.800	137.4	76.0	29.0	137.4	0.0	0.0	0.0	0.000	0.000	0.000	0.0	0.0		14:15:48:843		
000:02:34.000	137.1	76.0	29.0	137.0	0.0	0.0	0.0	0.000	0.000	0.000	0.0	0.0		14:15:49:043		
000:02:34.200	137.0	76.0	29.0	136.9	0.0	0.0	0.0	0.000	0.000	0.000	0.0	0.0		14:15:49:243		
000:02:34.400	136.9	76.0	29.0	136.8	0.0	0.0	0.0	0.000	0.000	0.000	0.0	0.0		14:15:49:443		
000:02:34.600	136.5	76.0	29.0	136.5	0.0	0.0	0.0	0.000	0.000	0.000	0.0	0.0		14:15:49:643		
000:02:34.800	136.3	76.0	29.0	136.3	0.0	0.0	0.0	0.000	0.000	0.000	0.0	0.0		14:15:49:843		
000:02:35.000	136.2	76.0	29.0	136.2	0.0	0.0	0.0	0.000	0.000	0.000	0.0	0.0		14:15:50:043		
000:02:35.200	136.1	76.0	29.0	136.1	0.0	0.0	0.0	0.000	0.000	0.000	0.0	0.0		14:15:50:243		
000:02:35.400	135.9	76.0	29.0	135.9	0.0	0.0	0.0	0.000	0.000	0.000	0.0	0.0		14:15:50:443		
000:02:35.600	135.8	76.0	29.0	135.8	0.0	0.0	0.0	0.000	0.000	0.000	0.0	0.0		14:15:50:643		
000:02:35.800	135.7	76.0	29.0	135.7	0.0	0.0	0.0	0.000	0.000	0.000	0.0	0.0		14:15:50:843		
000:02:36.000	135.3	76.0	29.0	135.3	0.0	0.0	0.0	0.000	0.000	0.000	0.0	0.0		14:15:51:043		
000:02:36.200	135.2	76.0	29.0	135.2	0.0	0.0	0.0	0.000	0.000	0.000	0.0	0.0		14:15:51:243		
000:02:36.400	135.1	76.0	29.0	135.1	0.0	0.0	0.0	0.000	0.000	0.000	0.0	0.0		14:15:51:443		
000:02:36.600	134.9	76.0	29.0	134.8	0.0	0.0	0.0	0.000	0.000	0.000	0.0	0.0		14:15:51:643		
000:02:36.800	134.7	76.0	29.0	134.6	0.0	0.0	0.0	0.000	0.000	0.000	0.0	0.0		14:15:51:843		
000:02:37.000	134.5	76.0	29.0	134.5	0.0	0.0	0.0	0.000	0.000	0.000	0.0	0.0		14:15:52:043		
000:02:37.200	134.0	76.0	29.0	133.9	0.0	0.0	0.0	0.000	0.000	0.000	0.0	0.0		14:15:52:243		
000:02:37.400	133.9	76.0	29.0	133.8	0.0	0.0	0.0	0.000	0.000	0.000	0.0	0.0		14:15:52:443		
000:02:37.600	133.7	76.0	29.0	133.7	0.0	0.0	0.0	0.000	0.000	0.000	0.0	0.0		14:15:52:643		
000:02:37.800	133.3	76.0	29.0	133.3	0.0	0.0	0.0	0.000	0.000	0.000	0.0	0.0		14:15:52:843		
000:02:38.000	132.6	76.0	29.0	132.5	0.0	0.0	0.0	0.000	0.000	0.000	0.0	0.0		14:15:53:043		
000:02:38.200	131.8	76.0	29.0	131.6	0.0	0.0	0.0	0.000	0.000	0.000	0.0	0.0		14:15:53:243		
000:02:38.400	130.9	76.0	29.0	130.7	0.0	0.0	0.0	0.000	0.000	0.000	0.0	0.0		14:15:53:443		
000:02:38.600	128.6	76.0	29.0	128.4	0.0	0.0	0.0	0.000	0.000	0.000	0.0	0.0		14:15:53:643		
000:02:38.800	117.4	76.0	29.0	115.8	0.0	0.0	0.0	0.000	0.000	0.000	0.0	0.0		14:15:53:843		
000:02:39.000	106.1	76.0	29.0	103.2	0.0	0.0	0.0	0.000	0.000	0.000	0.0	0.0		14:15:54:043		
000:02:39.200	94.8	76.0	29.0	94.8	0.0	0.0	0.0	0.000	0.000	0.000	0.0	0.0		14:15:54:243		
000:02:39.400	94.6	76.0	29.0	94.6	0.0	0.0	0.0	0.000	0.000	0.000	0.0	0.0		14:15:54:443		
000:02:39.600	94.4	76.0	29.0	94.4	0.0	0.0	0.0	0.000	0.000	0.000	0.0	0.0		14:15:54:643		
000:02:39.800	94.4	76.0	29.0	94.4	0.0	0.0	0.0	0.000	0.000	0.000	0.0	0.0		14:15:54:843		
000:02:40.000	94.1	76.0	29.0	94.1	0.0	0.0	0.0	0.000	0.000	0.000	0.0	0.0		14:15:55:043		
000:02:40.200	94.1	76.0	29.0	94.2	0.0	0.0	0.0	0.000	0.000	0.000	0.0	0.0		14:15:55:243		
000:02:40.400	94.2	76.0	29.0	94.3	0.0	0.0	0.0	0.000	0.000	0.000	0.0	0.0		14:15:55:443		
000:02:40.600	94.3	76.0	29.0	94.5	0.0	0.0	0.0	0.000	0.000	0.000	0.0	0.0		14:15:55:643		
000:02:40.800	94.7	76.0	29.0	94.8	0.0	0.0	0.0	0.000	0.000	0.000	0.0	0.0		14:15:55:843		
000:02:41.000	95.1	76.0	29.0	95.1	0.0	0.0	0.0	0.000	0.000	0.000	0.0	0.0		14:15:56:043		
000:02:41.200	95.7	76.0	29.0	95.7	0.0	0.0	0.0	0.000	0.000	0.000	0.0	0.0		14:15:56:243		
000:02:41.400	96.2	76.0	29.0	96.2	0.0	0.0	0.0	0.000	0.000	0.000	0.0	0.0		14:15:56:443		
000:02:41.600	96.7	76.0	29.0	96.7	0.0	0.0	0.0	0.000	0.000	0.000	0.0	0.0		14:15:56:643		
000:02:41.800	97.3	76.0	29.0	97.4	0.0	0.0	0.0	0.000	0.000	0.000	0.0	0.0		14:15:56:843		
000:02:42.000	98.0	76.0	29.0	98.2	0.0	0.0	0.0	0.000	0.000	0.000	0.0	0.0		14:15:57:043		
000:02:42.200	98.1	76.0	29.0	98.2	0.0	0.0	0.0	0.000	0.000	0.000	0.0	0.0		14:15:57:243		
000:02:42.400	98.2	76.0	29.0	98.2	0.0	0.0	0.0	0.000	0.000	0.000	0.0	0.0		14:15:57:443		
000:02:42.600	98.1	76.0	29.0	98.1	0.0	0.0	0.0	0.000	0.000	0.000	0.0	0.0		14:15:57:643		
000:02:42.800	97.8	76.0	29.0	97.7	0.0	0.0	0.0	0.000	0.000	0.000	0.0	0.0		14:15:57:843		
000:02:43.000	97.5	76.0	29.0	97.4	0.0	0.0	0.0	0.000	0.000	0.000	0.0	0.0		14:15:58:043		
000:02:43.200	97.0	76.0	29.0	97.0	0.0	0.0	0.0	0.000	0.000	0.000	0.0	0.0		14:15:58:243		
000:02:43.400	96.7	76.0	29.0	96.6	0.0	0.0	0.0	0.000	0.000	0.000	0.0	0.0		14:15:58:443		
000:02:43.600	96.3	76.0	29.0	96.2	0.0	0.0	0.0	0.000	0.000	0.000	0.0	0.0		14:15:58:643		
000:02:43.800	96.1	76.0	29.0	96.0	0.0	0.0	0.0	0.000	0.000	0.000	0.0	0.0		14:15:58:843		
000:02:44.000	96.1	76.0	29.0	96.0	0.0	0.0	0.0	0.000	0.000	0.000	0.0	0.0		14:15:59:043		
000:02:44.200	96.0	76.0	29.0	96.0	0.0	0.0	0.0	0.000	0.000	0.000	0.0	0.0		14:15:59:243		
000:02:44.400	96.0	76.0	29.0	96.0	0.0	0.0	0.0	0.000	0.000	0.000	0.0	0.0		14:15:59:443		
000:02:44.600	96.0	76.0	29.0	96.0	0.0	0.0	0.0	0.000	0.000	0.000	0.0	0.0		14:15:59:643		
000:02:44.800	96.0	76.0	29.0	96.0	0.0	0.0	0.0	0.000	0.000	0.000	0.0	0.0		14:15:59:843		
000:02:45.000	96.0	76.0	29.0	96.0	0.0	0.0	0.0	0.000	0.000	0.000	0.0	0.0		14:16:00:043		
000:02:45.200	96.0	76.0	29.0	96.1	0.0	0.0	0.0	0.000	0.000	0.000	0.0	0.0		14:16:00:243		
000:02:45.400	96.0	76.0	29.0	96.1	0.0	0.0	0.0	0.000	0.000	0.000	0.0	0.0		14:16:00:443		
000:02:45.600	96.0	76.0	29.0	96.0	0.0	0.0	0.0	0.000	0.000	0.000	0.0	0.0		14:16:00:643		
000:02:45.800	96.0	76.0	29.0	96.0	0.0	0.0	0.0	0.000	0.000	0.000	0.0	0.0		14:16:00:843		
000:02:46.000	96.0	76.0	29.0	96.0	0.0	0.0	0.0	0.000	0.000	0.000	0.0	0.0		14:16:01:043		
000:02:46.200	95.9	76.0	29.0	96.0	0.0	0.0	0.0	0.000	0.000	0.000	0.0	0.0		14:16:01:243		
000:02:46.400	95.9	76.0	29.0	96.0	0.0	0.0	0.0	0.000	0.000	0.000	0.0	0.0		14:16:01:443		
000:02:46.600	96.0	76.0	29.0	95.9	0.0	0.0	0.0	0.000	0.000	0.000	0.0	0.0		14:16:01:643		
000:02:46.800	96.0	76.0	29.0	95.9	0.0	0.0	0.0	0.000	0.000	0.000	0.0	0.0		14:16:01:843		
000:02:47.000	96.0	76.0	29.0	96.0	0.0	0.0	0.0	0.000	0.000	0.000	0.0	0.0		14:16:02:043		
000:02:47.200	96.0	76.0	29.0	96.0	0.0	0.0	0.0	0.000	0.000	0.000	0.0	0.0		14:16:02:243		
000:02:47.400	95.9	76.0	29.0	96.0	0.0	0.0	0.0	0.000	0.000	0.000	0.0	0.0		14:16:02:443		
000:02:47.600	95.9	76.0	29.0	96.0	0.0	0.0	0.0	0.000	0.000	0.000	0.0	0.0		14:16:02:643		
000:02:47.800	95.9	76.0	29.0	95.9	0.0	0.0	0.0	0.000	0.000	0.000	0.0	0.0		14:16:02:843		
000:02:48.000	95.9	76.0	29.0	95.9	0.0	0.0	0.0	0.000	0.000	0.000	0.0	0.0		14:16:03:043		
000:02:48.200	95.9	76.0	29.0	95.9	0.0	0.0	0.0	0.000	0.000	0.000	0.0	0.0		14:16:03:243		
000:02:48.400	95.9	76.0	29.0	95.9	0.0	0.0	0.0	0.000	0.000	0.000	0.0	0.0		14:16:03:443		
000:02:48.600	96.0	76.0	29.0	96.0	0.0	0.0	0.0	0.000	0.000	0.000	0.0	0.0		14:16:03:643		
000:02:48.800	95.9	76.0	29.0	95.9	0.0	0.0	0.0	0.000	0.000	0.000	0.0	0.0		14:16:03:843		
000:02:49.000	95.9	76.0	29.0	95.9	0.0	0.0	0.0	0.000	0.000	0.000	0.0	0.0		14:16:04:043		
000:02:49.200	95.9	76.0	29.0	95.9	0.0	0.0	0.0	0.000	0.000	0.000	0.0	0.0		14:16:04:243		
000:02:49.400	95.9	76.0	29.0	95.9	0.0	0.0	0.0	0.000	0.000	0.000	0.0	0.0		14:16:04:443		
000:02:49.600	95.9	76.0	29.0	95.9	0.0	0.0	0.0	0.000	0.000	0.000	0.0	0.0		14:16:04:643		
000:02:49.800	95.8	76.0	29.0	95.8	0.0	0.0	0.0	0.000	0.000	0.000	0.0	0.0		14:16:04:843		
000:02:50.000	95.8	76.0	29.0	95.8	0.0	0.0	0.0	0.000	0.000	0.000	0.0	0.0		14:16:05:043		
000:02:50.200	95.8	76.0	29.0	95.9	0.0	0.0	0.0	0.000	0.000	0.000	0.0	0.0		14:16:05:243		
000:02:50.400	95.8	76.0	29.0	95.9	0.0	0.0	0.0	0.000	0.000	0.000	0.0	0.0		14:16:05:443		
000:02:50.600	95.8	76.0	29.0	95.9	0.0	0.0	0.0	0.000	0.000	0.000	0.0	0.0		14:16:05:643		
000:02:50.800	95.8	76.0	29.0	95.8	0.0	0.0	0.0	0.000	0.000	0.000	0.0	0.0		14:16:05:843		
000:02:51.000	95.8	76.0	29.0	95.8	0.0	0.0	0.0	0.000	0.000	0.000	0.0	0.0		14:16:06:043		
000:02:51.200	95.9	76.0	29.0	95.8	0.0	0.0	0.0	0.000	0.000	0.000	0.0	0.0		14:16:06:243		
000:02:51.400	95.8	76.0	29.0	95.8	0.0	0.0	0.0	0.000	0.000	0.000	0.0	0.0		14:16:06:443		
000:02:51.600	95.8	76.0	29.0	95.8	0.0	0.0	0.0	0.000	0.000	0.000	0.0	0.0		14:16:06:643		
000:02:51.800	95.8	76.0	29.0	95.8	0.0	0.0	0.0	0.000	0.000	0.000	0.0	0.0		14:16:06:843		
000:02:52.000	95.8	76.0	29.0	95.8	0.0	0.0	0.0	0.000	0.000	0.000	0.0	0.0		14:16:07:043		
000:02:52.200	95.8	76.0	29.0	95.8	0.0	0.0	0.0	0.000	0.000	0.000	0.0	0.0		14:16:07:243		
000:02:52.400	95.8	76.0	29.0	95.8	0.0	0.0	0.0	0.000	0.000	0.000	0.0	0.0		14:16:07:443		
000:02:52.600	95.8	76.0	29.0	95.8	0.0	0.0	0.0	0.000	0.000	0.000	0.0	0.0		14:16:07:643		
000:02:52.800	95.8	76.0	29.0	95.8	0.0	0.0	0.0	0.000	0.000	0.000	0.0	0.0		14:16:07:843		
000:02:53.000	95.8	76.0	29.0	95.8	0.0	0.0	0.0	0.000	0.000	0.000	0.0	0.0		14:16:08:043		
000:02:53.200	95.8	76.0	29.0	95.8	0.0	0.0	0.0	0.000	0.000	0.000	0.0	0.0		14:16:08:243		
000:02:53.400	95.8	76.0	29.0	95.8	0.0	0.0	0.0	0.000	0.000	0.000	0.0	0.0		14:16:08:443		
000:02:53.600	95.8	76.0	29.0	95.8	0.0	0.0	0.0	0.000	0.000	0.000	0.0	0.0		14:16:08:643		
000:02:53.800	95.8	76.0	29.0	95.8	0.0	0.0	0.0	0.000	0.000	0.000	0.0	0.0		14:16:08:843		
000:02:54.000	95.8	76.0	29.0	95.8	0.0	0.0	0.0	0.000	0.000	0.000	0.0	0.0		14:16:09:043		
000:02:54.200	95.8	76.0	29.0	95.8	0.0	0.0	0.0	0.000	0.000	0.000	0.0	0.0		14:16:09:243		
000:02:54.400	95.8	76.0	29.0	95.8	0.0	0.0	0.0	0.000	0.000	0.000	0.0	0.0		14:16:09:443		
000:02:54.600	95.8	76.0	29.0	95.7	0.0	0.0	0.0	0.000	0.000	0.000	0.0	0.0		14:16:09:643		
000:02:54.800	95.8	76.0	29.0	95.7	0.0	0.0	0.0	0.000	0.000	0.000	0.0	0.0		14:16:09:843		
000:02:55.000	95.8	76.0	29.0	95.7	0.0	0.0	0.0	0.000	0.000	0.000	0.0	0.0		14:16:10:043		
000:02:55.200	95.8	76.0	29.0	95.7	0.0	0.0	0.0	0.000	0.000	0.000	0.0	0.0		14:16:10:243		
000:02:55.400	95.8	76.0	29.0	95.7	0.0	0.0	0.0	0.000	0.000	0.000	0.0	0.0		14:16:10:443		
000:02:55.600	95.8	76.0	29.0	95.7	0.0	0.0	0.0	0.000	0.000	0.000	0.0	0.0		14:16:10:643		
000:02:55.800	95.7	76.1	29.0	95.7	0.0	0.0	0.0	0.000	0.000	0.000	0.0	0.0		14:16:10:843		
000:02:56.000	95.8	76.1	29.0	95.8	0.0	0.0	0.0	0.000	0.000	0.000	0.0	0.0		14:16:11:043		
000:02:56.200	95.8	76.1	29.0	95.8	0.0	0.0	0.0	0.000	0.000	0.000	0.0	0.0		14:16:11:243		
000:02:56.400	95.7	76.1	29.0	95.7	0.0	0.0	0.0	0.000	0.000	0.000	0.0	0.0		14:16:11:443		
000:02:56.600	95.7	76.1	29.0	95.8	0.0	0.0	0.0	0.000	0.000	0.000	0.0	0.0		14:16:11:643		
000:02:56.800	95.8	76.1	29.0	95.8	0.0	0.0	0.0	0.000	0.000	0.000	0.0	0.0		14:16:11:843		
000:02:57.000	95.8	76.1	29.0	95.8	0.0	0.0	0.0	0.000	0.000	0.000	0.0	0.0		14:16:12:043		
000:02:57.200	95.8	76.1	29.0	95.8	0.0	0.0	0.0	0.000	0.000	0.000	0.0	0.0		14:16:12:243		
000:02:57.400	95.8	76.1	29.0	95.8	0.0	0.0	0.0	0.000	0.000	0.000	0.0	0.0		14:16:12:443		
000:02:57.600	95.8	76.1	29.0	95.8	0.0	0.0	0.0	0.000	0.000	0.000	0.0	0.0		14:16:12:643		
000:02:57.800	95.7	76.1	29.0	95.7	0.0	0.0	0.0	0.000	0.000	0.000	0.0	0.0		14:16:12:843		
000:02:58.000	95.8	76.1	29.0	95.7	0.0	0.0	0.0	0.000	0.000	0.000	0.0	0.0		14:16:13:043		
000:02:58.200	95.8	76.1	29.0	95.7	0.0	0.0	0.0	0.000	0.000	0.000	0.0	0.0		14:16:13:243		
000:02:58.400	95.7	76.1	29.0	95.7	0.0	0.0	0.0	0.000	0.000	0.000	0.0	0.0		14:16:13:443		
000:02:58.600	95.7	76.1	29.0	95.8	0.0	0.0	0.0	0.000	0.000	0.000	0.0	0.0		14:16:13:643		
000:02:58.800	95.7	76.1	29.0	95.8	0.0	0.0	0.0	0.000	0.000	0.000	0.0	0.0		14:16:13:843		
000:02:59.000	95.7	76.1	29.0	95.7	0.0	0.0	0.0	0.000	0.000	0.000	0.0	0.0		14:16:14:043		
000:02:59.200	95.7	76.1	29.0	95.7	0.0	0.0	0.0	0.000	0.000	0.000	0.0	0.0		14:16:14:243		
000:02:59.400	95.7	76.1	29.0	95.7	0.0	0.0	0.0	0.000	0.000	0.000	0.0	0.0		14:16:14:443		
000:02:59.600	95.7	76.1	29.0	95.7	0.0	0.0	0.0	0.000	0.000	0.000	0.0	0.0		14:16:14:643		
000:02:59.800	95.6	76.1	29.0	95.7	0.0	0.0	0.0	0.000	0.000	0.000	0.0	0.0		14:16:14:843		
000:03:00.000	95.6	76.2	29.0	95.6	0.0	0.0	0.0	0.000	0.000	0.000	0.0	0.0		14:16:15:043		
000:03:00.200	95.6	76.2	29.0	95.6	0.0	0.0	0.0	0.000	0.000	0.000	0.0	0.0		14:16:15:243		
000:03:00.400	95.6	76.2	29.0	95.7	0.0	0.0	0.0	0.000	0.000	0.000	0.0	0.0		14:16:15:443		
000:03:00.600	95.7	76.2	29.0	95.7	0.0	0.0	0.0	0.000	0.000	0.000	0.0	0.0		14:16:15:643		
000:03:00.800	95.7	76.2	29.0	95.7	0.0	0.0	0.0	0.000	0.000	0.000	0.0	0.0		14:16:15:843		
000:03:01.000	95.8	76.2	29.0	95.7	0.0	0.0	0.0	0.000	0.000	0.000	0.0	0.0		14:16:16:043		
000:03:01.200	95.8	76.2	29.0	95.7	0.0	0.0	0.0	0.000	0.000	0.000	0.0	0.0		14:16:16:243		
000:03:01.400	95.6	76.2	29.0	95.6	0.0	0.0	0.0	0.000	0.000	0.000	0.0	0.0		14:16:16:443		
000:03:01.600	95.6	76.2	29.0	95.6	0.0	0.0	0.0	0.000	0.000	0.000	0.0	0.0		14:16:16:643		
000:03:01.800	95.6	76.2	29.0	95.6	0.0	0.0	0.0	0.000	0.000	0.000	0.0	0.0		14:16:16:843		
000:03:02.000	95.7	76.2	29.0	95.7	0.0	0.0	0.0	0.000	0.000	0.000	0.0	0.0		14:16:17:043		
000:03:02.200	95.7	76.2	29.0	95.7	0.0	0.0	0.0	0.000	0.000	0.000	0.0	0.0		14:16:17:243		
000:03:02.400	95.6	76.2	29.0	95.7	0.0	0.0	0.0	0.000	0.000	0.000	0.0	0.0		14:16:17:443		
000:03:02.600	95.7	76.2	29.0	95.6	0.0	0.0	0.0	0.000	0.000	0.000	0.0	0.0		14:16:17:643		
000:03:02.800	95.6	76.2	29.0	95.6	0.0	0.0	0.0	0.000	0.000	0.000	0.0	0.0		14:16:17:843		
000:03:03.000	95.6	76.2	29.0	95.6	0.0	0.0	0.0	0.000	0.000	0.000	0.0	0.0		14:16:18:043		
000:03:03.200	95.6	76.2	29.0	95.6	0.0	0.0	0.0	0.000	0.000	0.000	0.0	0.0		14:16:18:243		
000:03:03.400	95.6	76.2	29.0	95.6	0.0	0.0	0.0	0.000	0.000	0.000	0.0	0.0		14:16:18:443		
000:03:03.600	95.6	76.3	29.0	95.6	0.0	0.0	0.0	0.000	0.000	0.000	0.0	0.0		14:16:18:643		
000:03:03.800	95.6	76.3	29.0	95.6	0.0	0.0	0.0	0.000	0.000	0.000	0.0	0.0		14:16:18:843		
000:03:04.000	95.7	76.3	29.0	95.7	0.0	0.0	0.0	0.000	0.000	0.000	0.0	0.0		14:16:19:043		
000:03:04.200	95.6	76.3	29.0	95.6	0.0	0.0	0.0	0.000	0.000	0.000	0.0	0.0		14:16:19:243		
000:03:04.400	95.6	76.3	29.0	95.6	0.0	0.0	0.0	0.000	0.000	0.000	0.0	0.0		14:16:19:443		
000:03:04.600	95.6	76.3	29.0	95.6	0.0	0.0	0.0	0.000	0.000	0.000	0.0	0.0		14:16:19:643		
000:03:04.800	95.6	76.3	29.0	95.6	0.0	0.0	0.0	0.000	0.000	0.000	0.0	0.0		14:16:19:843		
000:03:05.000	95.6	76.3	29.0	95.6	0.0	0.0	0.0	0.000	0.000	0.000	0.0	0.0		14:16:20:043		
000:03:05.200	95.6	76.3	29.0	95.6	0.0	0.0	0.0	0.000	0.000	0.000	0.0	0.0		14:16:20:243		
000:03:05.400	95.6	76.3	29.0	95.6	0.0	0.0	0.0	0.000	0.000	0.000	0.0	0.0		14:16:20:443		
000:03:05.600	95.6	76.3	29.0	95.6	0.0	0.0	0.0	0.000	0.000	0.000	0.0	0.0		14:16:20:643		
000:03:05.800	95.6	76.3	29.0	95.6	0.0	0.0	0.0	0.000	0.000	0.000	0.0	0.0		14:16:20:843		
000:03:06.000	95.5	76.3	29.0	95.5	0.0	0.0	0.0	0.000	0.000	0.000	0.0	0.0		14:16:21:043		
000:03:06.200	95.6	76.3	29.0	95.6	0.0	0.0	0.0	0.000	0.000	0.000	0.0	0.0		14:16:21:243		
000:03:06.400	95.6	76.3	29.0	95.6	0.0	0.0	0.0	0.000	0.000	0.000	0.0	0.0		14:16:21:443		
000:03:06.600	95.6	76.3	29.0	95.5	0.0	0.0	0.0	0.000	0.000	0.000	0.0	0.0		14:16:21:643		
000:03:06.800	95.5	76.3	29.0	95.5	0.0	0.0	0.0	0.000	0.000	0.000	0.0	0.0		14:16:21:843		
000:03:07.000	95.4	76.3	29.0	95.5	0.0	0.0	0.0	0.000	0.000	0.000	0.0	0.0		14:16:22:043		
000:03:07.200	95.4	76.3	29.0	95.4	0.0	0.0	0.0	0.000	0.000	0.000	0.0	0.0		14:16:22:243		
000:03:07.400	95.4	76.4	29.0	95.5	0.0	0.0	0.0	0.000	0.000	0.000	0.0	0.0		14:16:22:443		
000:03:07.600	95.4	76.4	29.0	95.6	0.0	0.0	0.0	0.000	0.000	0.000	0.0	0.0		14:16:22:643		
000:03:07.800	95.6	76.4	29.0	95.6	0.0	0.0	0.0	0.000	0.000	0.000	0.0	0.0		14:16:22:843		
000:03:08.000	95.5	76.4	29.0	95.5	0.0	0.0	0.0	0.000	0.000	0.000	0.0	0.0		14:16:23:043		
000:03:08.200	95.6	76.4	29.0	95.5	0.0	0.0	0.0	0.000	0.000	0.000	0.0	0.0		14:16:23:243		
000:03:08.400	95.6	76.4	29.0	95.5	0.0	0.0	0.0	0.000	0.000	0.000	0.0	0.0		14:16:23:443		
000:03:08.600	95.5	76.4	29.0	95.5	0.0	0.0	0.0	0.000	0.000	0.000	0.0	0.0		14:16:23:643		
000:03:08.800	95.5	76.4	29.0	95.5	0.0	0.0	0.0	0.000	0.000	0.000	0.0	0.0		14:16:23:843		
000:03:09.000	95.5	76.4	29.0	95.5	0.0	0.0	0.0	0.000	0.000	0.000	0.0	0.0		14:16:24:043		
000:03:09.200	95.5	76.4	29.0	95.5	0.0	0.0	0.0	0.000	0.000	0.000	0.0	0.0		14:16:24:243		
000:03:09.400	95.5	76.4	29.0	95.5	0.0	0.0	0.0	0.000	0.000	0.000	0.0	0.0		14:16:24:443		
000:03:09.600	95.5	76.4	29.0	95.4	0.0	0.0	0.0	0.000	0.000	0.000	0.0	0.0		14:16:24:643		
000:03:09.800	95.5	76.4	29.0	95.4	0.0	0.0	0.0	0.000	0.000	0.000	0.0	0.0		14:16:24:843		
000:03:10.000	95.4	76.4	29.0	95.4	0.0	0.0	0.0	0.000	0.000	0.000	0.0	0.0		14:16:25:043		
000:03:10.200	95.4	76.4	29.0	95.4	0.0	0.0	0.0	0.000	0.000	0.000	0.0	0.0		14:16:25:243		
000:03:10.400	95.4	76.4	29.0	95.4	0.0	0.0	0.0	0.000	0.000	0.000	0.0	0.0		14:16:25:443		
000:03:10.600	95.4	76.4	29.0	95.5	0.0	0.0	0.0	0.000	0.000	0.000	0.0	0.0		14:16:25:643		
000:03:10.800	95.3	76.4	29.0	95.4	0.0	0.0	0.0	0.000	0.000	0.000	0.0	0.0		14:16:25:843		
000:03:11.000	95.3	76.4	29.0	95.3	0.0	0.0	0.0	0.000	0.000	0.000	0.0	0.0		14:16:26:043		
000:03:11.200	95.3	76.4	29.0	95.4	0.0	0.0	0.0	0.000	0.000	0.000	0.0	0.0		14:16:26:243		
000:03:11.400	95.3	76.4	29.0	95.4	0.0	0.0	0.0	0.000	0.000	0.000	0.0	0.0		14:16:26:443		
000:03:11.600	95.3	76.4	29.0	95.3	0.0	0.0	0.0	0.000	0.000	0.000	0.0	0.0		14:16:26:643		
000:03:11.800	95.2	76.4	29.0	95.2	0.0	0.0	0.0	0.000	0.000	0.000	0.0	0.0		14:16:26:843		
000:03:12.000	95.2	76.4	29.0	95.2	0.0	0.0	0.0	0.000	0.000	0.000	0.0	0.0		14:16:27:043		
000:03:12.200	95.2	76.4	29.0	95.2	0.0	0.0	0.0	0.000	0.000	0.000	0.0	0.0		14:16:27:243		
000:03:12.400	95.2	76.4	29.0	95.2	0.0	0.0	0.0	0.000	0.000	0.000	0.0	0.0		14:16:27:443		
000:03:12.600	95.2	76.4	29.0	95.2	0.0	0.0	0.0	0.000	0.000	0.000	0.0	0.0		14:16:27:643		
000:03:12.800	95.2	76.4	29.0	95.2	0.0	0.0	0.0	0.000	0.000	0.000	0.0	0.0		14:16:27:843		
000:03:13.000	95.2	76.4	29.0	95.2	0.0	0.0	0.0	0.000	0.000	0.000	0.0	0.0		14:16:28:043		
000:03:13.200	95.2	76.4	29.0	95.2	0.0	0.0	0.0	0.000	0.000	0.000	0.0	0.0		14:16:28:243		
000:03:13.400	95.2	76.4	29.0	95.2	0.0	0.0	0.0	0.000	0.000	0.000	0.0	0.0		14:16:28:443		
000:03:13.600	95.2	76.4	29.0	95.2	0.0	0.0	0.0	0.000	0.000	0.000	0.0	0.0		14:16:28:643		
000:03:13.800	95.2	76.4	29.0	95.2	0.0	0.0	0.0	0.000	0.000	0.000	0.0	0.0		14:16:28:843		
000:03:14.000	95.2	76.4	29.0	95.2	0.0	0.0	0.0	0.000	0.000	0.000	0.0	0.0		14:16:29:043		
000:03:14.200	95.2	76.4	29.0	95.3	0.0	0.0	0.0	0.000	0.000	0.000	0.0	0.0		14:16:29:243		
000:03:14.400	95.2	76.5	29.0	95.3	0.0	0.0	0.0	0.000	0.000	0.000	0.0	0.0		14:16:29:443		
000:03:14.600	95.2	76.5	29.0	95.2	0.0	0.0	0.0	0.000	0.000	0.000	0.0	0.0		14:16:29:643		
000:03:14.800	95.2	76.5	29.0	95.2	0.0	0.0	0.0	0.000	0.000	0.000	0.0	0.0		14:16:29:843		
000:03:15.000	95.2	76.5	29.0	95.2	0.0	0.0	0.0	0.000	0.000	0.000	0.0	0.0		14:16:30:043		
000:03:15.200	95.1	76.5	29.0	95.1	0.0	0.0	0.0	0.000	0.000	0.000	0.0	0.0		14:16:30:243		
000:03:15.400	95.2	76.5	29.0	95.1	0.0	0.0	0.0	0.000	0.000	0.000	0.0	0.0		14:16:30:443		
000:03:15.600	95.2	76.5	29.0	95.1	0.0	0.0	0.0	0.000	0.000	0.000	0.0	0.0		14:16:30:643		
000:03:15.800	95.2	76.5	29.0	95.1	0.0	0.0	0.0	0.000	0.000	0.000	0.0	0.0		14:16:30:843		
000:03:16.000	95.1	76.5	29.0	95.1	0.0	0.0	0.0	0.000	0.000	0.000	0.0	0.0		14:16:31:043		
000:03:16.200	95.0	76.6	29.0	95.0	0.0	0.0	0.0	0.000	0.000	0.000	0.0	0.0		14:16:31:243		
000:03:16.400	95.0	76.6	29.0	95.0	0.0	0.0	0.0	0.000	0.000	0.000	0.0	0.0		14:16:31:443		
000:03:16.600	95.2	76.6	29.0	95.2	0.0	0.0	0.0	0.000	0.000	0.000	0.0	0.0		14:16:31:643		
000:03:16.800	95.1	76.6	29.0	95.2	0.0	0.0	0.0	0.000	0.000	0.000	0.0	0.0		14:16:31:843		
000:03:17.000	95.1	76.6	29.0	95.1	0.0	0.0	0.0	0.000	0.000	0.000	0.0	0.0		14:16:32:043		
000:03:17.200	95.2	76.6	29.0	95.1	0.0	0.0	0.0	0.000	0.000	0.000	0.0	0.0		14:16:32:243		
000:03:17.400	95.2	76.6	29.0	95.1	0.0	0.0	0.0	0.000	0.000	0.000	0.0	0.0		14:16:32:443		
000:03:17.600	95.1	76.6	29.0	95.1	0.0	0.0	0.0	0.000	0.000	0.000	0.0	0.0		14:16:32:643		
000:03:17.800	95.1	76.6	29.0	95.0	0.0	0.0	0.0	0.000	0.000	0.000	0.0	0.0		14:16:32:843		
000:03:18.000	95.0	76.6	29.0	95.1	0.0	0.0	0.0	0.000	0.000	0.000	0.0	0.0		14:16:33:043		
000:03:18.200	95.1	76.6	29.0	95.1	0.0	0.0	0.0	0.000	0.000	0.000	0.0	0.0		14:16:33:243		
000:03:18.400	95.1	76.6	29.0	95.1	0.0	0.0	0.0	0.000	0.000	0.000	0.0	0.0		14:16:33:443		
000:03:18.600	95.0	76.6	29.0	95.1	0.0	0.0	0.0	0.000	0.000	0.000	0.0	0.0		14:16:33:643		
000:03:18.800	95.1	76.6	29.0	95.1	0.0	0.0	0.0	0.000	0.000	0.000	0.0	0.0		14:16:33:843		
000:03:19.000	95.1	76.6	29.0	95.1	0.0	0.0	0.0	0.000	0.000	0.000	0.0	0.0		14:16:34:043		
000:03:19.200	95.1	76.6	29.0	95.0	0.0	0.0	0.0	0.000	0.000	0.000	0.0	0.0		14:16:34:243		
000:03:19.400	95.0	76.6	29.0	95.0	0.0	0.0	0.0	0.000	0.000	0.000	0.0	0.0		14:16:34:443		
000:03:19.600	95.0	76.6	29.0	95.0	0.0	0.0	0.0	0.000	0.000	0.000	0.0	0.0		14:16:34:643		
000:03:19.800	94.9	76.6	29.0	95.0	0.0	0.0	0.0	0.000	0.000	0.000	0.0	0.0		14:16:34:843		
000:03:20.000	95.0	76.7	29.0	94.9	0.0	0.0	0.0	0.000	0.000	0.000	0.0	0.0		14:16:35:043		
000:03:20.200	95.0	76.7	29.0	94.9	0.0	0.0	0.0	0.000	0.000	0.000	0.0	0.0		14:16:35:243		
000:03:20.400	95.0	76.7	29.0	95.0	0.0	0.0	0.0	0.000	0.000	0.000	0.0	0.0		14:16:35:443		
000:03:20.600	95.0	76.7	29.0	95.0	0.0	0.0	0.0	0.000	0.000	0.000	0.0	0.0		14:16:35:643		
000:03:20.800	95.0	76.7	29.0	95.0	0.0	0.0	0.0	0.000	0.000	0.000	0.0	0.0		14:16:35:843		
000:03:21.000	94.9	76.7	29.0	94.9	0.0	0.0	0.0	0.000	0.000	0.000	0.0	0.0		14:16:36:043		
000:03:21.200	94.9	76.7	29.0	94.9	0.0	0.0	0.0	0.000	0.000	0.000	0.0	0.0		14:16:36:243		
000:03:21.400	94.9	76.7	29.0	94.9	0.0	0.0	0.0	0.000	0.000	0.000	0.0	0.0		14:16:36:443		
000:03:21.600	94.9	76.7	29.0	94.9	0.0	0.0	0.0	0.000	0.000	0.000	0.0	0.0		14:16:36:643		
000:03:21.800	94.9	76.7	29.0	94.9	0.0	0.0	0.0	0.000	0.000	0.000	0.0	0.0		14:16:36:843		
000:03:22.000	94.9	76.7	29.0	94.9	0.0	0.0	0.0	0.000	0.000	0.000	0.0	0.0		14:16:37:043		
000:03:22.200	94.9	76.7	29.0	94.9	0.0	0.0	0.0	0.000	0.000	0.000	0.0	0.0		14:16:37:243		
000:03:22.400	94.9	76.7	29.0	94.9	0.0	0.0	0.0	0.000	0.000	0.000	0.0	0.0		14:16:37:443		
000:03:22.600	94.9	76.7	29.0	94.8	0.0	0.0	0.0	0.000	0.000	0.000	0.0	0.0		14:16:37:643		
000:03:22.800	94.9	76.7	29.0	94.9	0.0	0.0	0.0	0.000	0.000	0.000	0.0	0.0		14:16:37:843		
000:03:23.000	94.9	76.8	29.0	94.9	0.0	0.0	0.0	0.000	0.000	0.000	0.0	0.0		14:16:38:043		
000:03:23.200	94.8	76.8	29.0	94.9	0.0	0.0	0.0	0.000	0.000	0.000	0.0	0.0		14:16:38:243		
000:03:23.400	94.9	76.8	29.0	94.9	0.0	0.0	0.0	0.000	0.000	0.000	0.0	0.0		14:16:38:443		
000:03:23.600	94.8	76.8	29.0	94.9	0.0	0.0	0.0	0.000	0.000	0.000	0.0	0.0		14:16:38:643		
000:03:23.800	94.8	76.8	29.0	94.9	0.0	0.0	0.0	0.000	0.000	0.000	0.0	0.0		14:16:38:843		
000:03:24.000	94.8	76.8	29.0	94.8	0.0	0.0	0.0	0.000	0.000	0.000	0.0	0.0		14:16:39:043		
000:03:24.200	94.9	76.8	29.0	94.9	0.0	0.0	0.0	0.000	0.000	0.000	0.0	0.0		14:16:39:243		
000:03:24.400	94.9	76.8	29.0	94.9	0.0	0.0	0.0	0.000	0.000	0.000	0.0	0.0		14:16:39:443		
000:03:24.600	94.8	76.8	29.0	94.9	0.0	0.0	0.0	0.000	0.000	0.000	0.0	0.0		14:16:39:643		
000:03:24.800	94.9	76.8	29.0	94.9	0.0	0.0	0.0	0.000	0.000	0.000	0.0	0.0		14:16:39:843		
000:03:25.000	94.8	76.8	29.0	94.9	0.0	0.0	0.0	0.000	0.000	0.000	0.0	0.0		14:16:40:043		
000:03:25.200	94.8	76.8	29.0	94.9	0.0	0.0	0.0	0.000	0.000	0.000	0.0	0.0		14:16:40:243		
000:03:25.400	94.9	76.8	29.0	94.9	0.0	0.0	0.0	0.000	0.000	0.000	0.0	0.0		14:16:40:443		
000:03:25.600	94.9	76.8	29.0	94.9	0.0	0.0	0.0	0.000	0.000	0.000	0.0	0.0		14:16:40:643		
000:03:25.800	94.8	76.8	29.0	94.8	0.0	0.0	0.0	0.000	0.000	0.000	0.0	0.0		14:16:40:843		
000:03:26.000	94.8	76.8	29.0	94.8	0.0	0.0	0.0	0.000	0.000	0.000	0.0	0.0		14:16:41:043		
000:03:26.200	94.8	76.8	29.0	94.8	0.0	0.0	0.0	0.000	0.000	0.000	0.0	0.0		14:16:41:243		
000:03:26.400	94.8	76.8	29.0	94.8	0.0	0.0	0.0	0.000	0.000	0.000	0.0	0.0		14:16:41:443		
000:03:26.600	94.8	76.8	29.0	94.8	0.0	0.0	0.0	0.000	0.000	0.000	0.0	0.0		14:16:41:643		
000:03:26.800	94.8	76.8	29.0	94.8	0.0	0.0	0.0	0.000	0.000	0.000	0.0	0.0		14:16:41:843		
000:03:27.000	94.8	76.8	29.0	94.8	0.0	0.0	0.0	0.000	0.000	0.000	0.0	0.0		14:16:42:043		
000:03:27.200	94.8	76.8	29.0	94.7	0.0	0.0	0.0	0.000	0.000	0.000	0.0	0.0		14:16:42:243		
000:03:27.400	94.8	76.8	29.0	94.7	0.0	0.0	0.0	0.000	0.000	0.000	0.0	0.0		14:16:42:443		
000:03:27.600	94.7	76.8	29.0	94.7	0.0	0.0	0.0	0.000	0.000	0.000	0.0	0.0		14:16:42:643		
000:03:27.800	94.7	76.8	29.0	94.7	0.0	0.0	0.0	0.000	0.000	0.000	0.0	0.0		14:16:42:843		
000:03:28.000	94.6	76.8	29.0	94.7	0.0	0.0	0.0	0.000	0.000	0.000	0.0	0.0		14:16:43:043		
000:03:28.200	94.6	76.8	29.0	94.6	0.0	0.0	0.0	0.000	0.000	0.000	0.0	0.0		14:16:43:243		
000:03:28.400	94.7	76.8	29.0	94.6	0.0	0.0	0.0	0.000	0.000	0.000	0.0	0.0		14:16:43:443		
000:03:28.600	94.6	76.8	29.0	94.7	0.0	0.0	0.0	0.000	0.000	0.000	0.0	0.0		14:16:43:643		
000:03:28.800	94.6	76.9	29.0	94.6	0.0	0.0	0.0	0.000	0.000	0.000	0.0	0.0		14:16:43:843		
000:03:29.000	94.6	76.9	29.0	94.5	0.0	0.0	0.0	0.000	0.000	0.000	0.0	0.0		14:16:44:043		
000:03:29.200	94.5	76.9	29.0	94.5	0.0	0.0	0.0	0.000	0.000	0.000	0.0	0.0		14:16:44:243		
000:03:29.400	94.5	76.9	29.0	94.5	0.0	0.0	0.0	0.000	0.000	0.000	0.0	0.0		14:16:44:443		
---------------------------------
End of File
