[Connect DataFile][2.1]
Date:	4/24/2022
Time:	20:27:16
Unit:	°C
Resolution:	0.200/0.100
Values:	12
SnapshotTrigger:	0	0.0
MeasurementTrigger:	0	0.0
Time	TProc	TInt	TBox	TAvg	T_2C	T_1C	Attenuation	Eps.	Value	Vcc	TAmb	TAct	CompressionIdx	Time absolute	ImageIdx	ImageValue
000:00:00.000	91.1	70.2	27.8	91.1	0.0	0.0	0.0	0.000	0.000	0.000	0.0	0.0		20:27:16:995		
000:00:00.200	91.1	70.2	27.8	91.1	0.0	0.0	0.0	0.000	0.000	0.000	0.0	0.0		20:27:17:195		
000:00:00.400	91.1	70.2	27.8	91.1	0.0	0.0	0.0	0.000	0.000	0.000	0.0	0.0		20:27:17:395		
000:00:00.600	91.5	70.2	27.8	91.5	0.0	0.0	0.0	0.000	0.000	0.000	0.0	0.0		20:27:17:595		
000:00:00.800	91.9	70.2	27.8	91.9	0.0	0.0	0.0	0.000	0.000	0.000	0.0	0.0		20:27:17:795		
000:00:01.000	92.2	70.2	27.8	92.2	0.0	0.0	0.0	0.000	0.000	0.000	0.0	0.0		20:27:17:995		
000:00:01.200	92.4	70.2	27.8	92.5	0.0	0.0	0.0	0.000	0.000	0.000	0.0	0.0		20:27:18:195		
000:00:01.400	92.8	70.2	27.8	92.8	0.0	0.0	0.0	0.000	0.000	0.000	0.0	0.0		20:27:18:395		
000:00:01.600	92.9	70.2	27.8	93.0	0.0	0.0	0.0	0.000	0.000	0.000	0.0	0.0		20:27:18:595		
000:00:01.800	93.1	70.2	27.8	93.2	0.0	0.0	0.0	0.000	0.000	0.000	0.0	0.0		20:27:18:795		
000:00:02.000	93.3	70.2	27.8	93.3	0.0	0.0	0.0	0.000	0.000	0.000	0.0	0.0		20:27:18:995		
000:00:02.200	93.4	70.2	27.8	93.4	0.0	0.0	0.0	0.000	0.000	0.000	0.0	0.0		20:27:19:195		
000:00:02.400	93.5	70.2	27.8	93.4	0.0	0.0	0.0	0.000	0.000	0.000	0.0	0.0		20:27:19:395		
000:00:02.600	93.6	70.2	27.8	93.5	0.0	0.0	0.0	0.000	0.000	0.000	0.0	0.0		20:27:19:595		
000:00:02.800	93.6	70.2	27.8	93.6	0.0	0.0	0.0	0.000	0.000	0.000	0.0	0.0		20:27:19:795		
000:00:03.000	93.6	70.2	27.8	93.6	0.0	0.0	0.0	0.000	0.000	0.000	0.0	0.0		20:27:19:995		
000:00:03.200	93.6	70.2	27.8	93.6	0.0	0.0	0.0	0.000	0.000	0.000	0.0	0.0		20:27:20:195		
000:00:03.400	93.6	70.2	27.8	93.6	0.0	0.0	0.0	0.000	0.000	0.000	0.0	0.0		20:27:20:395		
000:00:03.600	93.6	70.2	27.8	93.6	0.0	0.0	0.0	0.000	0.000	0.000	0.0	0.0		20:27:20:595		
000:00:03.800	93.6	70.2	27.8	93.6	0.0	0.0	0.0	0.000	0.000	0.000	0.0	0.0		20:27:20:795		
000:00:04.000	93.6	70.2	27.8	93.6	0.0	0.0	0.0	0.000	0.000	0.000	0.0	0.0		20:27:20:995		
000:00:04.200	93.6	70.2	27.8	93.6	0.0	0.0	0.0	0.000	0.000	0.000	0.0	0.0		20:27:21:195		
000:00:04.400	93.5	70.2	27.8	93.5	0.0	0.0	0.0	0.000	0.000	0.000	0.0	0.0		20:27:21:395		
000:00:04.600	93.4	70.2	27.8	93.4	0.0	0.0	0.0	0.000	0.000	0.000	0.0	0.0		20:27:21:595		
000:00:04.800	93.4	70.2	27.8	93.3	0.0	0.0	0.0	0.000	0.000	0.000	0.0	0.0		20:27:21:795		
000:00:05.000	93.3	70.2	27.8	93.2	0.0	0.0	0.0	0.000	0.000	0.000	0.0	0.0		20:27:21:995		
000:00:05.200	93.0	70.1	27.8	93.0	0.0	0.0	0.0	0.000	0.000	0.000	0.0	0.0		20:27:22:195		
000:00:05.400	92.8	70.1	27.8	92.8	0.0	0.0	0.0	0.000	0.000	0.000	0.0	0.0		20:27:22:395		
000:00:05.600	92.5	70.1	27.8	92.5	0.0	0.0	0.0	0.000	0.000	0.000	0.0	0.0		20:27:22:595		
000:00:05.800	92.0	70.1	27.8	91.9	0.0	0.0	0.0	0.000	0.000	0.000	0.0	0.0		20:27:22:795		
000:00:06.000	91.7	70.1	27.8	91.5	0.0	0.0	0.0	0.000	0.000	0.000	0.0	0.0		20:27:22:995		
000:00:06.200	91.3	70.1	27.8	91.2	0.0	0.0	0.0	0.000	0.000	0.000	0.0	0.0		20:27:23:195		
000:00:06.400	90.6	70.1	27.8	90.6	0.0	0.0	0.0	0.000	0.000	0.000	0.0	0.0		20:27:23:395		
000:00:06.600	90.6	70.1	27.8	90.6	0.0	0.0	0.0	0.000	0.000	0.000	0.0	0.0		20:27:23:595		
000:00:06.800	90.8	70.1	27.8	90.8	0.0	0.0	0.0	0.000	0.000	0.000	0.0	0.0		20:27:23:795		
000:00:07.000	90.9	70.1	27.8	90.9	0.0	0.0	0.0	0.000	0.000	0.000	0.0	0.0		20:27:23:995		
000:00:07.200	91.3	70.1	27.8	91.4	0.0	0.0	0.0	0.000	0.000	0.000	0.0	0.0		20:27:24:195		
000:00:07.400	91.9	70.1	27.8	91.9	0.0	0.0	0.0	0.000	0.000	0.000	0.0	0.0		20:27:24:395		
000:00:07.600	92.1	70.1	27.8	92.1	0.0	0.0	0.0	0.000	0.000	0.000	0.0	0.0		20:27:24:595		
000:00:07.800	92.3	70.1	27.8	92.3	0.0	0.0	0.0	0.000	0.000	0.000	0.0	0.0		20:27:24:795		
000:00:08.000	92.7	70.1	27.8	92.8	0.0	0.0	0.0	0.000	0.000	0.000	0.0	0.0		20:27:24:995		
000:00:08.200	93.0	70.1	27.8	93.0	0.0	0.0	0.0	0.000	0.000	0.000	0.0	0.0		20:27:25:195		
000:00:08.400	93.2	70.1	27.8	93.2	0.0	0.0	0.0	0.000	0.000	0.000	0.0	0.0		20:27:25:395		
000:00:08.600	93.3	70.1	27.8	93.3	0.0	0.0	0.0	0.000	0.000	0.000	0.0	0.0		20:27:25:595		
000:00:08.800	93.3	70.1	27.8	93.4	0.0	0.0	0.0	0.000	0.000	0.000	0.0	0.0		20:27:25:795		
000:00:09.000	93.4	70.1	27.8	93.4	0.0	0.0	0.0	0.000	0.000	0.000	0.0	0.0		20:27:25:995		
000:00:09.200	93.5	70.1	27.8	93.5	0.0	0.0	0.0	0.000	0.000	0.000	0.0	0.0		20:27:26:195		
000:00:09.400	93.6	70.1	27.8	93.5	0.0	0.0	0.0	0.000	0.000	0.000	0.0	0.0		20:27:26:395		
000:00:09.600	93.6	70.1	27.8	93.6	0.0	0.0	0.0	0.000	0.000	0.000	0.0	0.0		20:27:26:595		
000:00:09.800	93.6	70.1	27.8	93.6	0.0	0.0	0.0	0.000	0.000	0.000	0.0	0.0		20:27:26:795		
000:00:10.000	93.6	70.1	27.8	93.6	0.0	0.0	0.0	0.000	0.000	0.000	0.0	0.0		20:27:26:995		
000:00:10.200	93.3	70.1	27.8	93.1	0.0	0.0	0.0	0.000	0.000	0.000	0.0	0.0		20:27:27:195		
000:00:10.400	92.4	70.1	27.8	92.4	0.0	0.0	0.0	0.000	0.000	0.000	0.0	0.0		20:27:27:395		
000:00:10.600	92.4	70.1	27.8	92.3	0.0	0.0	0.0	0.000	0.000	0.000	0.0	0.0		20:27:27:595		
000:00:10.800	92.3	70.1	27.8	92.2	0.0	0.0	0.0	0.000	0.000	0.000	0.0	0.0		20:27:27:795		
000:00:11.000	91.7	70.1	27.8	91.6	0.0	0.0	0.0	0.000	0.000	0.000	0.0	0.0		20:27:27:995		
000:00:11.200	91.8	70.1	27.8	91.8	0.0	0.0	0.0	0.000	0.000	0.000	0.0	0.0		20:27:28:195		
000:00:11.400	92.1	70.1	27.8	92.1	0.0	0.0	0.0	0.000	0.000	0.000	0.0	0.0		20:27:28:395		
000:00:11.600	92.3	70.1	27.8	92.3	0.0	0.0	0.0	0.000	0.000	0.000	0.0	0.0		20:27:28:595		
000:00:11.800	92.8	70.1	27.8	92.8	0.0	0.0	0.0	0.000	0.000	0.000	0.0	0.0		20:27:28:795		
000:00:12.000	92.7	70.1	27.8	92.7	0.0	0.0	0.0	0.000	0.000	0.000	0.0	0.0		20:27:28:995		
000:00:12.200	92.4	70.1	27.8	92.3	0.0	0.0	0.0	0.000	0.000	0.000	0.0	0.0		20:27:29:195		
000:00:12.400	92.1	70.1	27.8	92.0	0.0	0.0	0.0	0.000	0.000	0.000	0.0	0.0		20:27:29:395		
000:00:12.600	91.6	70.1	27.8	91.5	0.0	0.0	0.0	0.000	0.000	0.000	0.0	0.0		20:27:29:595		
000:00:12.800	91.8	70.1	27.8	91.7	0.0	0.0	0.0	0.000	0.000	0.000	0.0	0.0		20:27:29:795		
000:00:13.000	91.9	70.1	27.8	91.9	0.0	0.0	0.0	0.000	0.000	0.000	0.0	0.0		20:27:29:995		
000:00:13.200	92.3	70.1	27.8	92.3	0.0	0.0	0.0	0.000	0.000	0.000	0.0	0.0		20:27:30:195		
000:00:13.400	92.5	70.1	27.8	92.6	0.0	0.0	0.0	0.000	0.000	0.000	0.0	0.0		20:27:30:395		
000:00:13.600	92.7	70.1	27.8	92.8	0.0	0.0	0.0	0.000	0.000	0.000	0.0	0.0		20:27:30:595		
000:00:13.800	93.1	70.1	27.8	93.1	0.0	0.0	0.0	0.000	0.000	0.000	0.0	0.0		20:27:30:795		
000:00:14.000	93.2	70.1	27.8	93.2	0.0	0.0	0.0	0.000	0.000	0.000	0.0	0.0		20:27:30:995		
000:00:14.200	93.1	70.1	27.8	93.1	0.0	0.0	0.0	0.000	0.000	0.000	0.0	0.0		20:27:31:195		
000:00:14.400	93.0	70.1	27.8	93.0	0.0	0.0	0.0	0.000	0.000	0.000	0.0	0.0		20:27:31:395		
000:00:14.600	92.7	70.1	27.8	92.7	0.0	0.0	0.0	0.000	0.000	0.000	0.0	0.0		20:27:31:595		
000:00:14.800	92.4	70.1	27.8	92.4	0.0	0.0	0.0	0.000	0.000	0.000	0.0	0.0		20:27:31:795		
000:00:15.000	92.6	70.1	27.8	92.6	0.0	0.0	0.0	0.000	0.000	0.000	0.0	0.0		20:27:31:995		
000:00:15.200	92.7	70.1	27.8	92.8	0.0	0.0	0.0	0.000	0.000	0.000	0.0	0.0		20:27:32:195		
000:00:15.400	93.1	70.1	27.8	93.1	0.0	0.0	0.0	0.000	0.000	0.000	0.0	0.0		20:27:32:395		
000:00:15.600	93.3	70.1	27.8	93.3	0.0	0.0	0.0	0.000	0.000	0.000	0.0	0.0		20:27:32:595		
000:00:15.800	93.4	70.1	27.8	93.4	0.0	0.0	0.0	0.000	0.000	0.000	0.0	0.0		20:27:32:795		
000:00:16.000	93.5	70.1	27.8	93.4	0.0	0.0	0.0	0.000	0.000	0.000	0.0	0.0		20:27:32:995		
000:00:16.200	93.4	70.1	27.8	93.4	0.0	0.0	0.0	0.000	0.000	0.000	0.0	0.0		20:27:33:195		
000:00:16.400	93.3	70.1	27.8	93.3	0.0	0.0	0.0	0.000	0.000	0.000	0.0	0.0		20:27:33:395		
000:00:16.600	93.3	70.1	27.8	93.3	0.0	0.0	0.0	0.000	0.000	0.000	0.0	0.0		20:27:33:595		
000:00:16.800	93.2	70.1	27.8	93.2	0.0	0.0	0.0	0.000	0.000	0.000	0.0	0.0		20:27:33:795		
000:00:17.000	93.1	70.1	27.8	93.1	0.0	0.0	0.0	0.000	0.000	0.000	0.0	0.0		20:27:33:995		
000:00:17.200	93.2	70.1	27.8	93.2	0.0	0.0	0.0	0.000	0.000	0.000	0.0	0.0		20:27:34:195		
000:00:17.400	93.3	70.1	27.8	93.3	0.0	0.0	0.0	0.000	0.000	0.000	0.0	0.0		20:27:34:395		
000:00:17.600	93.4	70.1	27.8	93.4	0.0	0.0	0.0	0.000	0.000	0.000	0.0	0.0		20:27:34:595		
000:00:17.800	93.5	70.1	27.8	93.4	0.0	0.0	0.0	0.000	0.000	0.000	0.0	0.0		20:27:34:795		
000:00:18.000	93.5	70.1	27.8	93.5	0.0	0.0	0.0	0.000	0.000	0.000	0.0	0.0		20:27:34:995		
000:00:18.200	93.6	70.1	27.8	93.6	0.0	0.0	0.0	0.000	0.000	0.000	0.0	0.0		20:27:35:195		
000:00:18.400	93.5	70.1	27.8	93.5	0.0	0.0	0.0	0.000	0.000	0.000	0.0	0.0		20:27:35:395		
000:00:18.600	93.4	70.1	27.8	93.4	0.0	0.0	0.0	0.000	0.000	0.000	0.0	0.0		20:27:35:595		
000:00:18.800	93.4	70.1	27.8	93.4	0.0	0.0	0.0	0.000	0.000	0.000	0.0	0.0		20:27:35:795		
000:00:19.000	93.4	70.1	27.8	93.4	0.0	0.0	0.0	0.000	0.000	0.000	0.0	0.0		20:27:35:995		
000:00:19.200	93.5	70.1	27.8	93.5	0.0	0.0	0.0	0.000	0.000	0.000	0.0	0.0		20:27:36:195		
000:00:19.400	93.6	70.1	27.8	93.6	0.0	0.0	0.0	0.000	0.000	0.000	0.0	0.0		20:27:36:395		
000:00:19.600	93.6	70.1	27.8	93.6	0.0	0.0	0.0	0.000	0.000	0.000	0.0	0.0		20:27:36:595		
000:00:19.800	93.6	70.1	27.8	93.6	0.0	0.0	0.0	0.000	0.000	0.000	0.0	0.0		20:27:36:795		
000:00:20.000	93.6	70.1	27.8	93.6	0.0	0.0	0.0	0.000	0.000	0.000	0.0	0.0		20:27:36:995		
000:00:20.200	93.6	70.1	27.8	93.6	0.0	0.0	0.0	0.000	0.000	0.000	0.0	0.0		20:27:37:195		
000:00:20.400	93.5	70.1	27.8	93.6	0.0	0.0	0.0	0.000	0.000	0.000	0.0	0.0		20:27:37:395		
000:00:20.600	93.6	70.1	27.8	93.6	0.0	0.0	0.0	0.000	0.000	0.000	0.0	0.0		20:27:37:595		
000:00:20.800	93.6	70.1	27.8	93.6	0.0	0.0	0.0	0.000	0.000	0.000	0.0	0.0		20:27:37:795		
000:00:21.000	93.6	70.1	27.8	93.6	0.0	0.0	0.0	0.000	0.000	0.000	0.0	0.0		20:27:37:995		
000:00:21.200	93.6	70.1	27.8	93.6	0.0	0.0	0.0	0.000	0.000	0.000	0.0	0.0		20:27:38:195		
000:00:21.400	93.6	70.1	27.8	93.6	0.0	0.0	0.0	0.000	0.000	0.000	0.0	0.0		20:27:38:395		
000:00:21.600	93.6	70.1	27.8	93.6	0.0	0.0	0.0	0.000	0.000	0.000	0.0	0.0		20:27:38:595		
000:00:21.800	93.6	70.1	27.8	93.6	0.0	0.0	0.0	0.000	0.000	0.000	0.0	0.0		20:27:38:795		
000:00:22.000	93.5	70.1	27.8	93.6	0.0	0.0	0.0	0.000	0.000	0.000	0.0	0.0		20:27:38:995		
000:00:22.200	93.4	70.1	27.8	93.5	0.0	0.0	0.0	0.000	0.000	0.000	0.0	0.0		20:27:39:195		
000:00:22.400	93.4	70.1	27.8	93.4	0.0	0.0	0.0	0.000	0.000	0.000	0.0	0.0		20:27:39:395		
000:00:22.600	93.3	70.1	27.8	93.3	0.0	0.0	0.0	0.000	0.000	0.000	0.0	0.0		20:27:39:595		
000:00:22.800	93.1	70.1	27.8	93.1	0.0	0.0	0.0	0.000	0.000	0.000	0.0	0.0		20:27:39:795		
000:00:23.000	92.9	70.1	27.8	92.9	0.0	0.0	0.0	0.000	0.000	0.000	0.0	0.0		20:27:39:995		
000:00:23.200	92.8	70.1	27.8	92.8	0.0	0.0	0.0	0.000	0.000	0.000	0.0	0.0		20:27:40:195		
000:00:23.400	92.3	70.1	27.8	92.3	0.0	0.0	0.0	0.000	0.000	0.000	0.0	0.0		20:27:40:395		
000:00:23.600	92.1	70.1	27.8	92.0	0.0	0.0	0.0	0.000	0.000	0.000	0.0	0.0		20:27:40:595		
000:00:23.800	91.8	70.1	27.8	91.7	0.0	0.0	0.0	0.000	0.000	0.000	0.0	0.0		20:27:40:795		
000:00:24.000	91.2	70.1	27.8	91.1	0.0	0.0	0.0	0.000	0.000	0.000	0.0	0.0		20:27:40:995		
000:00:24.200	91.3	70.1	27.8	91.1	0.0	0.0	0.0	0.000	0.000	0.000	0.0	0.0		20:27:41:195		
000:00:24.400	91.3	70.1	27.8	91.2	0.0	0.0	0.0	0.000	0.000	0.000	0.0	0.0		20:27:41:395		
000:00:24.600	91.6	70.1	27.8	91.6	0.0	0.0	0.0	0.000	0.000	0.000	0.0	0.0		20:27:41:595		
000:00:24.800	91.8	70.1	27.8	91.8	0.0	0.0	0.0	0.000	0.000	0.000	0.0	0.0		20:27:41:795		
000:00:25.000	92.0	70.1	27.8	92.1	0.0	0.0	0.0	0.000	0.000	0.000	0.0	0.0		20:27:41:995		
000:00:25.200	92.5	70.1	27.8	92.6	0.0	0.0	0.0	0.000	0.000	0.000	0.0	0.0		20:27:42:195		
000:00:25.400	93.0	70.1	27.8	93.0	0.0	0.0	0.0	0.000	0.000	0.000	0.0	0.0		20:27:42:395		
000:00:25.600	93.1	70.1	27.8	93.1	0.0	0.0	0.0	0.000	0.000	0.000	0.0	0.0		20:27:42:595		
000:00:25.800	93.2	70.1	27.8	93.2	0.0	0.0	0.0	0.000	0.000	0.000	0.0	0.0		20:27:42:795		
000:00:26.000	93.3	70.1	27.8	93.4	0.0	0.0	0.0	0.000	0.000	0.000	0.0	0.0		20:27:42:995		
000:00:26.200	93.4	70.1	27.8	93.5	0.0	0.0	0.0	0.000	0.000	0.000	0.0	0.0		20:27:43:195		
000:00:26.400	93.6	70.1	27.8	93.6	0.0	0.0	0.0	0.000	0.000	0.000	0.0	0.0		20:27:43:395		
000:00:26.600	93.6	70.1	27.8	93.6	0.0	0.0	0.0	0.000	0.000	0.000	0.0	0.0		20:27:43:595		
000:00:26.800	93.6	70.1	27.8	93.6	0.0	0.0	0.0	0.000	0.000	0.000	0.0	0.0		20:27:43:795		
000:00:27.000	93.6	70.1	27.8	93.6	0.0	0.0	0.0	0.000	0.000	0.000	0.0	0.0		20:27:43:995		
000:00:27.200	93.6	70.1	27.8	93.6	0.0	0.0	0.0	0.000	0.000	0.000	0.0	0.0		20:27:44:195		
000:00:27.400	93.6	70.2	27.8	93.6	0.0	0.0	0.0	0.000	0.000	0.000	0.0	0.0		20:27:44:395		
000:00:27.600	93.7	70.2	27.8	93.7	0.0	0.0	0.0	0.000	0.000	0.000	0.0	0.0		20:27:44:595		
000:00:27.800	93.7	70.2	27.8	93.7	0.0	0.0	0.0	0.000	0.000	0.000	0.0	0.0		20:27:44:795		
000:00:28.000	93.7	70.2	27.8	93.6	0.0	0.0	0.0	0.000	0.000	0.000	0.0	0.0		20:27:44:995		
000:00:28.200	93.6	70.2	27.8	93.6	0.0	0.0	0.0	0.000	0.000	0.000	0.0	0.0		20:27:45:195		
000:00:28.400	93.5	70.2	27.8	93.5	0.0	0.0	0.0	0.000	0.000	0.000	0.0	0.0		20:27:45:395		
000:00:28.600	93.5	70.2	27.8	93.5	0.0	0.0	0.0	0.000	0.000	0.000	0.0	0.0		20:27:45:595		
000:00:28.800	93.4	70.2	27.8	93.4	0.0	0.0	0.0	0.000	0.000	0.000	0.0	0.0		20:27:45:795		
000:00:29.000	93.3	70.2	27.8	93.3	0.0	0.0	0.0	0.000	0.000	0.000	0.0	0.0		20:27:45:995		
000:00:29.200	93.2	70.2	27.8	93.2	0.0	0.0	0.0	0.000	0.000	0.000	0.0	0.0		20:27:46:195		
000:00:29.400	92.8	70.2	27.8	92.8	0.0	0.0	0.0	0.000	0.000	0.000	0.0	0.0		20:27:46:395		
000:00:29.600	92.3	70.2	27.8	92.3	0.0	0.0	0.0	0.000	0.000	0.000	0.0	0.0		20:27:46:595		
000:00:29.800	92.0	70.2	27.8	91.9	0.0	0.0	0.0	0.000	0.000	0.000	0.0	0.0		20:27:46:795		
000:00:30.000	91.7	70.2	27.8	91.6	0.0	0.0	0.0	0.000	0.000	0.000	0.0	0.0		20:27:46:995		
000:00:30.200	90.8	70.2	27.8	90.8	0.0	0.0	0.0	0.000	0.000	0.000	0.0	0.0		20:27:47:195		
000:00:30.400	90.7	70.2	27.8	90.7	0.0	0.0	0.0	0.000	0.000	0.000	0.0	0.0		20:27:47:395		
000:00:30.600	90.6	70.2	27.8	90.6	0.0	0.0	0.0	0.000	0.000	0.000	0.0	0.0		20:27:47:595		
000:00:30.800	90.8	70.2	27.8	90.9	0.0	0.0	0.0	0.000	0.000	0.000	0.0	0.0		20:27:47:795		
000:00:31.000	91.2	70.2	27.8	91.3	0.0	0.0	0.0	0.000	0.000	0.000	0.0	0.0		20:27:47:995		
000:00:31.200	91.4	70.2	27.8	91.5	0.0	0.0	0.0	0.000	0.000	0.000	0.0	0.0		20:27:48:195		
000:00:31.400	91.7	70.2	27.8	91.7	0.0	0.0	0.0	0.000	0.000	0.000	0.0	0.0		20:27:48:395		
000:00:31.600	92.2	70.2	27.8	92.3	0.0	0.0	0.0	0.000	0.000	0.000	0.0	0.0		20:27:48:595		
000:00:31.800	92.4	70.2	27.8	92.5	0.0	0.0	0.0	0.000	0.000	0.000	0.0	0.0		20:27:48:795		
000:00:32.000	92.6	70.2	27.8	92.7	0.0	0.0	0.0	0.000	0.000	0.000	0.0	0.0		20:27:48:995		
000:00:32.200	93.0	70.2	27.8	93.0	0.0	0.0	0.0	0.000	0.000	0.000	0.0	0.0		20:27:49:195		
000:00:32.400	93.2	70.2	27.8	93.2	0.0	0.0	0.0	0.000	0.000	0.000	0.0	0.0		20:27:49:395		
000:00:32.600	93.3	70.2	27.8	93.3	0.0	0.0	0.0	0.000	0.000	0.000	0.0	0.0		20:27:49:595		
000:00:32.800	93.4	70.2	27.8	93.4	0.0	0.0	0.0	0.000	0.000	0.000	0.0	0.0		20:27:49:795		
000:00:33.000	93.5	70.2	27.8	93.5	0.0	0.0	0.0	0.000	0.000	0.000	0.0	0.0		20:27:49:995		
000:00:33.200	93.5	70.2	27.8	93.5	0.0	0.0	0.0	0.000	0.000	0.000	0.0	0.0		20:27:50:195		
000:00:33.400	93.5	70.2	27.8	93.5	0.0	0.0	0.0	0.000	0.000	0.000	0.0	0.0		20:27:50:395		
000:00:33.600	93.6	70.2	27.8	93.6	0.0	0.0	0.0	0.000	0.000	0.000	0.0	0.0		20:27:50:595		
000:00:33.800	93.6	70.2	27.8	93.6	0.0	0.0	0.0	0.000	0.000	0.000	0.0	0.0		20:27:50:795		
000:00:34.000	93.6	70.2	27.8	93.6	0.0	0.0	0.0	0.000	0.000	0.000	0.0	0.0		20:27:50:995		
000:00:34.200	92.4	70.2	27.8	92.0	0.0	0.0	0.0	0.000	0.000	0.000	0.0	0.0		20:27:51:195		
000:00:34.400	91.9	70.2	27.8	91.7	0.0	0.0	0.0	0.000	0.000	0.000	0.0	0.0		20:27:51:395		
000:00:34.600	91.4	70.2	27.8	91.4	0.0	0.0	0.0	0.000	0.000	0.000	0.0	0.0		20:27:51:595		
000:00:34.800	91.6	70.2	27.8	91.6	0.0	0.0	0.0	0.000	0.000	0.000	0.0	0.0		20:27:51:795		
000:00:35.000	92.0	70.2	27.8	92.1	0.0	0.0	0.0	0.000	0.000	0.000	0.0	0.0		20:27:51:995		
000:00:35.200	91.9	70.2	27.8	92.0	0.0	0.0	0.0	0.000	0.000	0.000	0.0	0.0		20:27:52:195		
000:00:35.400	91.9	70.2	27.8	91.9	0.0	0.0	0.0	0.000	0.000	0.000	0.0	0.0		20:27:52:395		
000:00:35.600	91.8	70.2	27.8	91.7	0.0	0.0	0.0	0.000	0.000	0.000	0.0	0.0		20:27:52:595		
000:00:35.800	91.9	70.2	27.8	91.8	0.0	0.0	0.0	0.000	0.000	0.000	0.0	0.0		20:27:52:795		
000:00:36.000	91.9	70.2	27.8	91.9	0.0	0.0	0.0	0.000	0.000	0.000	0.0	0.0		20:27:52:995		
000:00:36.200	92.1	70.2	27.8	92.0	0.0	0.0	0.0	0.000	0.000	0.000	0.0	0.0		20:27:53:195		
000:00:36.400	92.3	70.2	27.8	92.3	0.0	0.0	0.0	0.000	0.000	0.000	0.0	0.0		20:27:53:395		
000:00:36.600	92.6	70.2	27.8	92.6	0.0	0.0	0.0	0.000	0.000	0.000	0.0	0.0		20:27:53:595		
000:00:36.800	92.8	70.2	27.8	92.8	0.0	0.0	0.0	0.000	0.000	0.000	0.0	0.0		20:27:53:795		
000:00:37.000	92.8	70.2	27.8	92.8	0.0	0.0	0.0	0.000	0.000	0.000	0.0	0.0		20:27:53:995		
000:00:37.200	92.8	70.2	27.8	92.8	0.0	0.0	0.0	0.000	0.000	0.000	0.0	0.0		20:27:54:195		
000:00:37.400	92.7	70.2	27.8	92.8	0.0	0.0	0.0	0.000	0.000	0.000	0.0	0.0		20:27:54:395		
000:00:37.600	92.4	70.2	27.8	92.4	0.0	0.0	0.0	0.000	0.000	0.000	0.0	0.0		20:27:54:595		
000:00:37.800	92.4	70.2	27.8	92.5	0.0	0.0	0.0	0.000	0.000	0.000	0.0	0.0		20:27:54:795		
000:00:38.000	92.5	70.2	27.8	92.6	0.0	0.0	0.0	0.000	0.000	0.000	0.0	0.0		20:27:54:995		
000:00:38.200	92.8	70.2	27.8	92.8	0.0	0.0	0.0	0.000	0.000	0.000	0.0	0.0		20:27:55:195		
000:00:38.400	93.0	70.2	27.8	93.0	0.0	0.0	0.0	0.000	0.000	0.000	0.0	0.0		20:27:55:395		
000:00:38.600	93.1	70.3	27.8	93.1	0.0	0.0	0.0	0.000	0.000	0.000	0.0	0.0		20:27:55:595		
000:00:38.800	93.1	70.3	27.8	93.1	0.0	0.0	0.0	0.000	0.000	0.000	0.0	0.0		20:27:55:795		
000:00:39.000	93.4	70.3	27.8	93.4	0.0	0.0	0.0	0.000	0.000	0.000	0.0	0.0		20:27:55:995		
000:00:39.200	93.3	70.3	27.8	93.3	0.0	0.0	0.0	0.000	0.000	0.000	0.0	0.0		20:27:56:195		
000:00:39.400	93.2	70.3	27.8	93.2	0.0	0.0	0.0	0.000	0.000	0.000	0.0	0.0		20:27:56:395		
000:00:39.600	93.2	70.3	27.8	93.2	0.0	0.0	0.0	0.000	0.000	0.000	0.0	0.0		20:27:56:595		
000:00:39.800	93.1	70.3	27.8	93.1	0.0	0.0	0.0	0.000	0.000	0.000	0.0	0.0		20:27:56:795		
000:00:40.000	93.1	70.3	27.8	93.1	0.0	0.0	0.0	0.000	0.000	0.000	0.0	0.0		20:27:56:995		
000:00:40.200	93.2	70.3	27.8	93.2	0.0	0.0	0.0	0.000	0.000	0.000	0.0	0.0		20:27:57:195		
000:00:40.400	93.4	70.3	27.8	93.3	0.0	0.0	0.0	0.000	0.000	0.000	0.0	0.0		20:27:57:395		
000:00:40.600	93.4	70.3	27.8	93.4	0.0	0.0	0.0	0.000	0.000	0.000	0.0	0.0		20:27:57:595		
000:00:40.800	93.3	70.3	27.8	93.4	0.0	0.0	0.0	0.000	0.000	0.000	0.0	0.0		20:27:57:795		
000:00:41.000	93.5	70.3	27.8	93.5	0.0	0.0	0.0	0.000	0.000	0.000	0.0	0.0		20:27:57:995		
000:00:41.200	93.5	70.3	27.8	93.5	0.0	0.0	0.0	0.000	0.000	0.000	0.0	0.0		20:27:58:195		
000:00:41.400	93.5	70.3	27.8	93.5	0.0	0.0	0.0	0.000	0.000	0.000	0.0	0.0		20:27:58:395		
000:00:41.600	93.4	70.3	27.8	93.5	0.0	0.0	0.0	0.000	0.000	0.000	0.0	0.0		20:27:58:595		
000:00:41.800	93.3	70.3	27.8	93.3	0.0	0.0	0.0	0.000	0.000	0.000	0.0	0.0		20:27:58:795		
000:00:42.000	93.4	70.3	27.8	93.4	0.0	0.0	0.0	0.000	0.000	0.000	0.0	0.0		20:27:58:995		
000:00:42.200	93.5	70.3	27.8	93.5	0.0	0.0	0.0	0.000	0.000	0.000	0.0	0.0		20:27:59:195		
000:00:42.400	93.5	70.3	27.8	93.5	0.0	0.0	0.0	0.000	0.000	0.000	0.0	0.0		20:27:59:395		
000:00:42.600	93.5	70.3	27.8	93.6	0.0	0.0	0.0	0.000	0.000	0.000	0.0	0.0		20:27:59:595		
000:00:42.800	93.5	70.3	27.8	93.6	0.0	0.0	0.0	0.000	0.000	0.000	0.0	0.0		20:27:59:795		
000:00:43.000	93.5	70.3	27.8	93.6	0.0	0.0	0.0	0.000	0.000	0.000	0.0	0.0		20:27:59:995		
000:00:43.200	93.6	70.3	27.8	93.6	0.0	0.0	0.0	0.000	0.000	0.000	0.0	0.0		20:28:00:195		
000:00:43.400	93.6	70.3	27.8	93.6	0.0	0.0	0.0	0.000	0.000	0.000	0.0	0.0		20:28:00:395		
000:00:43.600	93.6	70.3	27.8	93.6	0.0	0.0	0.0	0.000	0.000	0.000	0.0	0.0		20:28:00:595		
000:00:43.800	93.5	70.3	27.8	93.5	0.0	0.0	0.0	0.000	0.000	0.000	0.0	0.0		20:28:00:795		
000:00:44.000	93.6	70.3	27.8	93.6	0.0	0.0	0.0	0.000	0.000	0.000	0.0	0.0		20:28:00:995		
000:00:44.200	93.6	70.3	27.8	93.6	0.0	0.0	0.0	0.000	0.000	0.000	0.0	0.0		20:28:01:195		
000:00:44.400	93.6	70.3	27.8	93.6	0.0	0.0	0.0	0.000	0.000	0.000	0.0	0.0		20:28:01:395		
000:00:44.600	93.6	70.3	27.8	93.6	0.0	0.0	0.0	0.000	0.000	0.000	0.0	0.0		20:28:01:595		
000:00:44.800	93.5	70.3	27.8	93.5	0.0	0.0	0.0	0.000	0.000	0.000	0.0	0.0		20:28:01:795		
000:00:45.000	93.6	70.3	27.8	93.6	0.0	0.0	0.0	0.000	0.000	0.000	0.0	0.0		20:28:01:995		
000:00:45.200	93.6	70.3	27.8	93.6	0.0	0.0	0.0	0.000	0.000	0.000	0.0	0.0		20:28:02:195		
000:00:45.400	93.6	70.3	27.8	93.6	0.0	0.0	0.0	0.000	0.000	0.000	0.0	0.0		20:28:02:395		
000:00:45.600	93.5	70.3	27.8	93.6	0.0	0.0	0.0	0.000	0.000	0.000	0.0	0.0		20:28:02:595		
000:00:45.800	93.5	70.3	27.8	93.6	0.0	0.0	0.0	0.000	0.000	0.000	0.0	0.0		20:28:02:795		
000:00:46.000	93.5	70.4	27.8	93.5	0.0	0.0	0.0	0.000	0.000	0.000	0.0	0.0		20:28:02:995		
000:00:46.200	93.5	70.4	27.8	93.5	0.0	0.0	0.0	0.000	0.000	0.000	0.0	0.0		20:28:03:195		
000:00:46.400	93.6	70.4	27.8	93.6	0.0	0.0	0.0	0.000	0.000	0.000	0.0	0.0		20:28:03:395		
000:00:46.600	93.4	70.4	27.8	93.4	0.0	0.0	0.0	0.000	0.000	0.000	0.0	0.0		20:28:03:595		
000:00:46.800	93.3	70.4	27.8	93.3	0.0	0.0	0.0	0.000	0.000	0.000	0.0	0.0		20:28:03:795		
000:00:47.000	93.2	70.4	27.8	93.2	0.0	0.0	0.0	0.000	0.000	0.000	0.0	0.0		20:28:03:995		
000:00:47.200	92.8	70.4	27.8	92.8	0.0	0.0	0.0	0.000	0.000	0.000	0.0	0.0		20:28:04:195		
000:00:47.400	92.6	70.4	27.8	92.5	0.0	0.0	0.0	0.000	0.000	0.000	0.0	0.0		20:28:04:395		
000:00:47.600	92.3	70.4	27.8	92.2	0.0	0.0	0.0	0.000	0.000	0.000	0.0	0.0		20:28:04:595		
000:00:47.800	91.5	70.4	27.8	91.5	0.0	0.0	0.0	0.000	0.000	0.000	0.0	0.0		20:28:04:795		
000:00:48.000	91.4	70.4	27.8	91.4	0.0	0.0	0.0	0.000	0.000	0.000	0.0	0.0		20:28:04:995		
000:00:48.200	91.3	70.4	27.8	91.3	0.0	0.0	0.0	0.000	0.000	0.000	0.0	0.0		20:28:05:195		
000:00:48.400	91.5	70.4	27.8	91.5	0.0	0.0	0.0	0.000	0.000	0.000	0.0	0.0		20:28:05:395		
000:00:48.600	91.7	70.4	27.8	91.7	0.0	0.0	0.0	0.000	0.000	0.000	0.0	0.0		20:28:05:595		
000:00:48.800	91.9	70.4	27.8	91.9	0.0	0.0	0.0	0.000	0.000	0.000	0.0	0.0		20:28:05:795		
000:00:49.000	92.3	70.4	27.8	92.3	0.0	0.0	0.0	0.000	0.000	0.000	0.0	0.0		20:28:05:995		
000:00:49.200	92.8	70.4	27.8	92.8	0.0	0.0	0.0	0.000	0.000	0.000	0.0	0.0		20:28:06:195		
000:00:49.400	92.9	70.4	27.8	93.0	0.0	0.0	0.0	0.000	0.000	0.000	0.0	0.0		20:28:06:395		
000:00:49.600	93.1	70.4	27.8	93.2	0.0	0.0	0.0	0.000	0.000	0.000	0.0	0.0		20:28:06:595		
000:00:49.800	93.4	70.4	27.8	93.4	0.0	0.0	0.0	0.000	0.000	0.000	0.0	0.0		20:28:06:795		
000:00:50.000	93.5	70.4	27.8	93.5	0.0	0.0	0.0	0.000	0.000	0.000	0.0	0.0		20:28:06:995		
000:00:50.200	93.6	70.4	27.8	93.5	0.0	0.0	0.0	0.000	0.000	0.000	0.0	0.0		20:28:07:195		
000:00:50.400	93.6	70.4	27.8	93.6	0.0	0.0	0.0	0.000	0.000	0.000	0.0	0.0		20:28:07:395		
000:00:50.600	93.6	70.4	27.8	93.6	0.0	0.0	0.0	0.000	0.000	0.000	0.0	0.0		20:28:07:595		
000:00:50.800	93.6	70.4	27.8	93.7	0.0	0.0	0.0	0.000	0.000	0.000	0.0	0.0		20:28:07:795		
000:00:51.000	93.7	70.4	27.8	93.7	0.0	0.0	0.0	0.000	0.000	0.000	0.0	0.0		20:28:07:995		
000:00:51.200	93.7	70.4	27.8	93.7	0.0	0.0	0.0	0.000	0.000	0.000	0.0	0.0		20:28:08:195		
000:00:51.400	93.7	70.4	27.8	93.7	0.0	0.0	0.0	0.000	0.000	0.000	0.0	0.0		20:28:08:395		
000:00:51.600	93.7	70.4	27.8	93.7	0.0	0.0	0.0	0.000	0.000	0.000	0.0	0.0		20:28:08:595		
000:00:51.800	93.7	70.4	27.8	93.7	0.0	0.0	0.0	0.000	0.000	0.000	0.0	0.0		20:28:08:795		
000:00:52.000	93.6	70.4	27.8	93.6	0.0	0.0	0.0	0.000	0.000	0.000	0.0	0.0		20:28:08:995		
000:00:52.200	93.6	70.4	27.8	93.6	0.0	0.0	0.0	0.000	0.000	0.000	0.0	0.0		20:28:09:195		
000:00:52.400	93.6	70.4	27.8	93.6	0.0	0.0	0.0	0.000	0.000	0.000	0.0	0.0		20:28:09:395		
000:00:52.600	93.6	70.4	27.8	93.6	0.0	0.0	0.0	0.000	0.000	0.000	0.0	0.0		20:28:09:595		
000:00:52.800	93.5	70.4	27.8	93.5	0.0	0.0	0.0	0.000	0.000	0.000	0.0	0.0		20:28:09:795		
000:00:53.000	93.3	70.4	27.8	93.3	0.0	0.0	0.0	0.000	0.000	0.000	0.0	0.0		20:28:09:995		
000:00:53.200	93.0	70.4	27.8	93.0	0.0	0.0	0.0	0.000	0.000	0.000	0.0	0.0		20:28:10:195		
000:00:53.400	92.8	70.4	27.8	92.8	0.0	0.0	0.0	0.000	0.000	0.000	0.0	0.0		20:28:10:395		
000:00:53.600	92.6	70.4	27.8	92.5	0.0	0.0	0.0	0.000	0.000	0.000	0.0	0.0		20:28:10:595		
000:00:53.800	92.0	70.4	27.8	91.9	0.0	0.0	0.0	0.000	0.000	0.000	0.0	0.0		20:28:10:795		
000:00:54.000	91.7	70.4	27.8	91.5	0.0	0.0	0.0	0.000	0.000	0.000	0.0	0.0		20:28:10:995		
000:00:54.200	91.3	70.4	27.8	91.2	0.0	0.0	0.0	0.000	0.000	0.000	0.0	0.0		20:28:11:195		
000:00:54.400	90.7	70.4	27.8	90.7	0.0	0.0	0.0	0.000	0.000	0.000	0.0	0.0		20:28:11:395		
000:00:54.600	90.8	70.4	27.8	90.9	0.0	0.0	0.0	0.000	0.000	0.000	0.0	0.0		20:28:11:595		
000:00:54.800	90.9	70.4	27.8	91.1	0.0	0.0	0.0	0.000	0.000	0.000	0.0	0.0		20:28:11:795		
000:00:55.000	91.1	70.5	27.8	91.3	0.0	0.0	0.0	0.000	0.000	0.000	0.0	0.0		20:28:11:995		
000:00:55.200	91.6	70.5	27.8	91.7	0.0	0.0	0.0	0.000	0.000	0.000	0.0	0.0		20:28:12:195		
000:00:55.400	91.9	70.5	27.8	91.9	0.0	0.0	0.0	0.000	0.000	0.000	0.0	0.0		20:28:12:395		
000:00:55.600	92.2	70.5	27.8	92.2	0.0	0.0	0.0	0.000	0.000	0.000	0.0	0.0		20:28:12:595		
000:00:55.800	92.6	70.5	27.8	92.7	0.0	0.0	0.0	0.000	0.000	0.000	0.0	0.0		20:28:12:795		
000:00:56.000	92.8	70.5	27.8	92.9	0.0	0.0	0.0	0.000	0.000	0.000	0.0	0.0		20:28:12:995		
000:00:56.200	93.1	70.5	27.8	93.1	0.0	0.0	0.0	0.000	0.000	0.000	0.0	0.0		20:28:13:195		
000:00:56.400	93.3	70.5	27.8	93.3	0.0	0.0	0.0	0.000	0.000	0.000	0.0	0.0		20:28:13:395		
000:00:56.600	93.4	70.5	27.8	93.5	0.0	0.0	0.0	0.000	0.000	0.000	0.0	0.0		20:28:13:595		
000:00:56.800	93.5	70.5	27.8	93.6	0.0	0.0	0.0	0.000	0.000	0.000	0.0	0.0		20:28:13:795		
000:00:57.000	93.6	70.5	27.8	93.6	0.0	0.0	0.0	0.000	0.000	0.000	0.0	0.0		20:28:13:995		
000:00:57.200	93.6	70.5	27.8	93.7	0.0	0.0	0.0	0.000	0.000	0.000	0.0	0.0		20:28:14:195		
000:00:57.400	93.6	70.5	27.8	93.7	0.0	0.0	0.0	0.000	0.000	0.000	0.0	0.0		20:28:14:395		
000:00:57.600	93.7	70.5	27.8	93.7	0.0	0.0	0.0	0.000	0.000	0.000	0.0	0.0		20:28:14:595		
000:00:57.800	93.8	70.5	27.8	93.7	0.0	0.0	0.0	0.000	0.000	0.000	0.0	0.0		20:28:14:795		
000:00:58.000	93.7	70.5	27.8	93.7	0.0	0.0	0.0	0.000	0.000	0.000	0.0	0.0		20:28:14:995		
000:00:58.200	93.1	70.5	27.8	93.1	0.0	0.0	0.0	0.000	0.000	0.000	0.0	0.0		20:28:15:195		
000:00:58.400	92.6	70.5	27.8	92.6	0.0	0.0	0.0	0.000	0.000	0.000	0.0	0.0		20:28:15:395		
000:00:58.600	92.4	70.5	27.8	92.3	0.0	0.0	0.0	0.000	0.000	0.000	0.0	0.0		20:28:15:595		
000:00:58.800	92.1	70.5	27.8	92.1	0.0	0.0	0.0	0.000	0.000	0.000	0.0	0.0		20:28:15:795		
000:00:59.000	91.9	70.5	27.8	91.8	0.0	0.0	0.0	0.000	0.000	0.000	0.0	0.0		20:28:15:995		
000:00:59.200	91.7	70.5	27.8	91.8	0.0	0.0	0.0	0.000	0.000	0.000	0.0	0.0		20:28:16:195		
000:00:59.400	92.3	70.5	27.8	92.3	0.0	0.0	0.0	0.000	0.000	0.000	0.0	0.0		20:28:16:395		
000:00:59.600	92.6	70.5	27.8	92.6	0.0	0.0	0.0	0.000	0.000	0.000	0.0	0.0		20:28:16:595		
000:00:59.800	92.8	70.5	27.8	92.8	0.0	0.0	0.0	0.000	0.000	0.000	0.0	0.0		20:28:16:795		
000:01:00.000	92.8	70.5	27.8	92.7	0.0	0.0	0.0	0.000	0.000	0.000	0.0	0.0		20:28:16:995		
000:01:00.200	92.5	70.5	27.8	92.4	0.0	0.0	0.0	0.000	0.000	0.000	0.0	0.0		20:28:17:195		
000:01:00.400	92.2	70.5	27.8	92.2	0.0	0.0	0.0	0.000	0.000	0.000	0.0	0.0		20:28:17:395		
000:01:00.600	91.6	70.5	27.8	91.6	0.0	0.0	0.0	0.000	0.000	0.000	0.0	0.0		20:28:17:595		
000:01:00.800	91.8	70.5	27.8	91.8	0.0	0.0	0.0	0.000	0.000	0.000	0.0	0.0		20:28:17:795		
000:01:01.000	91.9	70.5	27.8	92.0	0.0	0.0	0.0	0.000	0.000	0.000	0.0	0.0		20:28:17:995		
000:01:01.200	92.3	70.5	27.8	92.4	0.0	0.0	0.0	0.000	0.000	0.000	0.0	0.0		20:28:18:195		
000:01:01.400	92.6	70.5	27.8	92.6	0.0	0.0	0.0	0.000	0.000	0.000	0.0	0.0		20:28:18:395		
000:01:01.600	92.8	70.5	27.8	92.8	0.0	0.0	0.0	0.000	0.000	0.000	0.0	0.0		20:28:18:595		
000:01:01.800	93.2	70.5	27.8	93.2	0.0	0.0	0.0	0.000	0.000	0.000	0.0	0.0		20:28:18:795		
000:01:02.000	93.2	70.5	27.8	93.2	0.0	0.0	0.0	0.000	0.000	0.000	0.0	0.0		20:28:18:995		
000:01:02.200	93.2	70.5	27.8	93.2	0.0	0.0	0.0	0.000	0.000	0.000	0.0	0.0		20:28:19:195		
000:01:02.400	93.0	70.5	27.8	93.0	0.0	0.0	0.0	0.000	0.000	0.000	0.0	0.0		20:28:19:395		
000:01:02.600	92.7	70.5	27.8	92.6	0.0	0.0	0.0	0.000	0.000	0.000	0.0	0.0		20:28:19:595		
000:01:02.800	92.6	70.5	27.8	92.6	0.0	0.0	0.0	0.000	0.000	0.000	0.0	0.0		20:28:19:795		
000:01:03.000	92.5	70.5	27.8	92.6	0.0	0.0	0.0	0.000	0.000	0.000	0.0	0.0		20:28:19:995		
000:01:03.200	92.9	70.5	27.8	92.9	0.0	0.0	0.0	0.000	0.000	0.000	0.0	0.0		20:28:20:195		
000:01:03.400	93.1	70.5	27.8	93.1	0.0	0.0	0.0	0.000	0.000	0.000	0.0	0.0		20:28:20:395		
000:01:03.600	93.2	70.5	27.8	93.2	0.0	0.0	0.0	0.000	0.000	0.000	0.0	0.0		20:28:20:595		
000:01:03.800	93.4	70.5	27.8	93.4	0.0	0.0	0.0	0.000	0.000	0.000	0.0	0.0		20:28:20:795		
000:01:04.000	93.5	70.5	27.8	93.4	0.0	0.0	0.0	0.000	0.000	0.000	0.0	0.0		20:28:20:995		
000:01:04.200	93.4	70.5	27.8	93.4	0.0	0.0	0.0	0.000	0.000	0.000	0.0	0.0		20:28:21:195		
000:01:04.400	93.4	70.5	27.8	93.3	0.0	0.0	0.0	0.000	0.000	0.000	0.0	0.0		20:28:21:395		
000:01:04.600	93.3	70.5	27.8	93.2	0.0	0.0	0.0	0.000	0.000	0.000	0.0	0.0		20:28:21:595		
000:01:04.800	93.2	70.5	27.8	93.1	0.0	0.0	0.0	0.000	0.000	0.000	0.0	0.0		20:28:21:795		
000:01:05.000	93.1	70.5	27.8	93.1	0.0	0.0	0.0	0.000	0.000	0.000	0.0	0.0		20:28:21:995		
000:01:05.200	93.2	70.5	27.8	93.2	0.0	0.0	0.0	0.000	0.000	0.000	0.0	0.0		20:28:22:195		
000:01:05.400	93.3	70.5	27.8	93.3	0.0	0.0	0.0	0.000	0.000	0.000	0.0	0.0		20:28:22:395		
000:01:05.600	93.4	70.5	27.8	93.4	0.0	0.0	0.0	0.000	0.000	0.000	0.0	0.0		20:28:22:595		
000:01:05.800	93.5	70.5	27.8	93.5	0.0	0.0	0.0	0.000	0.000	0.000	0.0	0.0		20:28:22:795		
000:01:06.000	93.5	70.5	27.8	93.5	0.0	0.0	0.0	0.000	0.000	0.000	0.0	0.0		20:28:22:995		
000:01:06.200	93.6	70.5	27.8	93.6	0.0	0.0	0.0	0.000	0.000	0.000	0.0	0.0		20:28:23:195		
000:01:06.400	93.6	70.5	27.8	93.6	0.0	0.0	0.0	0.000	0.000	0.000	0.0	0.0		20:28:23:395		
000:01:06.600	93.4	70.5	27.8	93.4	0.0	0.0	0.0	0.000	0.000	0.000	0.0	0.0		20:28:23:595		
000:01:06.800	93.4	70.5	27.8	93.4	0.0	0.0	0.0	0.000	0.000	0.000	0.0	0.0		20:28:23:795		
000:01:07.000	93.4	70.5	27.8	93.4	0.0	0.0	0.0	0.000	0.000	0.000	0.0	0.0		20:28:23:995		
000:01:07.200	93.4	70.5	27.8	93.4	0.0	0.0	0.0	0.000	0.000	0.000	0.0	0.0		20:28:24:195		
000:01:07.400	93.5	70.5	27.8	93.5	0.0	0.0	0.0	0.000	0.000	0.000	0.0	0.0		20:28:24:395		
000:01:07.600	93.6	70.5	27.8	93.6	0.0	0.0	0.0	0.000	0.000	0.000	0.0	0.0		20:28:24:595		
000:01:07.800	93.6	70.5	27.8	93.6	0.0	0.0	0.0	0.000	0.000	0.000	0.0	0.0		20:28:24:795		
000:01:08.000	93.6	70.5	27.8	93.6	0.0	0.0	0.0	0.000	0.000	0.000	0.0	0.0		20:28:24:995		
000:01:08.200	93.5	70.5	27.8	93.6	0.0	0.0	0.0	0.000	0.000	0.000	0.0	0.0		20:28:25:195		
000:01:08.400	93.6	70.5	27.8	93.5	0.0	0.0	0.0	0.000	0.000	0.000	0.0	0.0		20:28:25:395		
000:01:08.600	93.5	70.5	27.8	93.6	0.0	0.0	0.0	0.000	0.000	0.000	0.0	0.0		20:28:25:595		
000:01:08.800	93.5	70.5	27.8	93.6	0.0	0.0	0.0	0.000	0.000	0.000	0.0	0.0		20:28:25:795		
000:01:09.000	93.5	70.5	27.8	93.5	0.0	0.0	0.0	0.000	0.000	0.000	0.0	0.0		20:28:25:995		
000:01:09.200	93.5	70.5	27.8	93.5	0.0	0.0	0.0	0.000	0.000	0.000	0.0	0.0		20:28:26:195		
000:01:09.400	93.5	70.5	27.8	93.5	0.0	0.0	0.0	0.000	0.000	0.000	0.0	0.0		20:28:26:395		
000:01:09.600	93.5	70.5	27.8	93.5	0.0	0.0	0.0	0.000	0.000	0.000	0.0	0.0		20:28:26:595		
000:01:09.800	93.6	70.5	27.8	93.5	0.0	0.0	0.0	0.000	0.000	0.000	0.0	0.0		20:28:26:795		
000:01:10.000	93.5	70.5	27.8	93.5	0.0	0.0	0.0	0.000	0.000	0.000	0.0	0.0		20:28:26:995		
000:01:10.200	93.4	70.5	27.8	93.4	0.0	0.0	0.0	0.000	0.000	0.000	0.0	0.0		20:28:27:195		
000:01:10.400	93.4	70.5	27.8	93.3	0.0	0.0	0.0	0.000	0.000	0.000	0.0	0.0		20:28:27:395		
000:01:10.600	93.3	70.5	27.8	93.3	0.0	0.0	0.0	0.000	0.000	0.000	0.0	0.0		20:28:27:595		
000:01:10.800	93.2	70.5	27.8	93.2	0.0	0.0	0.0	0.000	0.000	0.000	0.0	0.0		20:28:27:795		
000:01:11.000	92.9	70.5	27.8	92.9	0.0	0.0	0.0	0.000	0.000	0.000	0.0	0.0		20:28:27:995		
000:01:11.200	92.7	70.5	27.8	92.6	0.0	0.0	0.0	0.000	0.000	0.000	0.0	0.0		20:28:28:195		
000:01:11.400	92.5	70.5	27.8	92.4	0.0	0.0	0.0	0.000	0.000	0.000	0.0	0.0		20:28:28:395		
000:01:11.600	91.9	70.5	27.8	91.9	0.0	0.0	0.0	0.000	0.000	0.000	0.0	0.0		20:28:28:595		
000:01:11.800	91.2	70.5	27.8	91.1	0.0	0.0	0.0	0.000	0.000	0.000	0.0	0.0		20:28:28:795		
000:01:12.000	91.1	70.5	27.8	91.1	0.0	0.0	0.0	0.000	0.000	0.000	0.0	0.0		20:28:28:995		
000:01:12.200	91.0	70.5	27.8	91.0	0.0	0.0	0.0	0.000	0.000	0.000	0.0	0.0		20:28:29:195		
000:01:12.400	91.3	70.5	27.8	91.3	0.0	0.0	0.0	0.000	0.000	0.000	0.0	0.0		20:28:29:395		
000:01:12.600	91.4	70.5	27.8	91.5	0.0	0.0	0.0	0.000	0.000	0.000	0.0	0.0		20:28:29:595		
000:01:12.800	91.6	70.5	27.8	91.7	0.0	0.0	0.0	0.000	0.000	0.000	0.0	0.0		20:28:29:795		
000:01:13.000	92.1	70.5	27.8	92.2	0.0	0.0	0.0	0.000	0.000	0.000	0.0	0.0		20:28:29:995		
000:01:13.200	92.6	70.5	27.8	92.6	0.0	0.0	0.0	0.000	0.000	0.000	0.0	0.0		20:28:30:195		
000:01:13.400	92.8	70.5	27.8	92.8	0.0	0.0	0.0	0.000	0.000	0.000	0.0	0.0		20:28:30:395		
000:01:13.600	92.9	70.5	27.8	93.0	0.0	0.0	0.0	0.000	0.000	0.000	0.0	0.0		20:28:30:595		
000:01:13.800	93.1	70.5	27.8	93.2	0.0	0.0	0.0	0.000	0.000	0.000	0.0	0.0		20:28:30:795		
000:01:14.000	93.2	70.5	27.8	93.3	0.0	0.0	0.0	0.000	0.000	0.000	0.0	0.0		20:28:30:995		
000:01:14.200	93.3	70.5	27.8	93.3	0.0	0.0	0.0	0.000	0.000	0.000	0.0	0.0		20:28:31:195		
000:01:14.400	93.4	70.5	27.8	93.4	0.0	0.0	0.0	0.000	0.000	0.000	0.0	0.0		20:28:31:395		
000:01:14.600	93.5	70.5	27.8	93.5	0.0	0.0	0.0	0.000	0.000	0.000	0.0	0.0		20:28:31:595		
000:01:14.800	93.5	70.5	27.8	93.5	0.0	0.0	0.0	0.000	0.000	0.000	0.0	0.0		20:28:31:795		
000:01:15.000	93.6	70.5	27.8	93.6	0.0	0.0	0.0	0.000	0.000	0.000	0.0	0.0		20:28:31:995		
000:01:15.200	93.5	70.5	27.8	93.5	0.0	0.0	0.0	0.000	0.000	0.000	0.0	0.0		20:28:32:195		
000:01:15.400	93.5	70.5	27.8	93.5	0.0	0.0	0.0	0.000	0.000	0.000	0.0	0.0		20:28:32:395		
000:01:15.600	93.5	70.5	27.8	93.5	0.0	0.0	0.0	0.000	0.000	0.000	0.0	0.0		20:28:32:595		
000:01:15.800	93.4	70.5	27.8	93.5	0.0	0.0	0.0	0.000	0.000	0.000	0.0	0.0		20:28:32:795		
000:01:16.000	93.4	70.5	27.8	93.4	0.0	0.0	0.0	0.000	0.000	0.000	0.0	0.0		20:28:32:995		
000:01:16.200	93.4	70.5	27.8	93.4	0.0	0.0	0.0	0.000	0.000	0.000	0.0	0.0		20:28:33:195		
000:01:16.400	93.4	70.5	27.8	93.4	0.0	0.0	0.0	0.000	0.000	0.000	0.0	0.0		20:28:33:395		
000:01:16.600	93.4	70.5	27.8	93.3	0.0	0.0	0.0	0.000	0.000	0.000	0.0	0.0		20:28:33:595		
000:01:16.800	93.3	70.5	27.8	93.2	0.0	0.0	0.0	0.000	0.000	0.000	0.0	0.0		20:28:33:795		
000:01:17.000	93.1	70.5	27.8	93.1	0.0	0.0	0.0	0.000	0.000	0.000	0.0	0.0		20:28:33:995		
000:01:17.200	93.0	70.5	27.8	92.9	0.0	0.0	0.0	0.000	0.000	0.000	0.0	0.0		20:28:34:195		
000:01:17.400	92.8	70.5	27.8	92.7	0.0	0.0	0.0	0.000	0.000	0.000	0.0	0.0		20:28:34:395		
000:01:17.600	92.3	70.5	27.8	92.3	0.0	0.0	0.0	0.000	0.000	0.000	0.0	0.0		20:28:34:595		
000:01:17.800	91.9	70.5	27.8	91.9	0.0	0.0	0.0	0.000	0.000	0.000	0.0	0.0		20:28:34:795		
000:01:18.000	91.6	70.5	27.8	91.5	0.0	0.0	0.0	0.000	0.000	0.000	0.0	0.0		20:28:34:995		
000:01:18.200	90.8	70.5	27.8	90.7	0.0	0.0	0.0	0.000	0.000	0.000	0.0	0.0		20:28:35:195		
000:01:18.400	90.6	70.5	27.8	90.6	0.0	0.0	0.0	0.000	0.000	0.000	0.0	0.0		20:28:35:395		
000:01:18.600	90.6	70.5	27.8	90.7	0.0	0.0	0.0	0.000	0.000	0.000	0.0	0.0		20:28:35:595		
000:01:18.800	90.7	70.5	27.8	90.8	0.0	0.0	0.0	0.000	0.000	0.000	0.0	0.0		20:28:35:795		
000:01:19.000	91.1	70.5	27.8	91.1	0.0	0.0	0.0	0.000	0.000	0.000	0.0	0.0		20:28:35:995		
000:01:19.200	91.3	70.5	27.8	91.3	0.0	0.0	0.0	0.000	0.000	0.000	0.0	0.0		20:28:36:195		
000:01:19.400	91.6	70.5	27.8	91.6	0.0	0.0	0.0	0.000	0.000	0.000	0.0	0.0		20:28:36:395		
000:01:19.600	92.0	70.5	27.8	92.1	0.0	0.0	0.0	0.000	0.000	0.000	0.0	0.0		20:28:36:595		
000:01:19.800	92.3	70.5	27.8	92.3	0.0	0.0	0.0	0.000	0.000	0.000	0.0	0.0		20:28:36:795		
000:01:20.000	92.5	70.5	27.8	92.5	0.0	0.0	0.0	0.000	0.000	0.000	0.0	0.0		20:28:36:995		
000:01:20.200	92.8	70.5	27.8	92.8	0.0	0.0	0.0	0.000	0.000	0.000	0.0	0.0		20:28:37:195		
000:01:20.400	92.9	70.5	27.8	92.9	0.0	0.0	0.0	0.000	0.000	0.000	0.0	0.0		20:28:37:395		
000:01:20.600	93.1	70.5	27.8	93.1	0.0	0.0	0.0	0.000	0.000	0.000	0.0	0.0		20:28:37:595		
000:01:20.800	93.2	70.5	27.8	93.2	0.0	0.0	0.0	0.000	0.000	0.000	0.0	0.0		20:28:37:795		
000:01:21.000	93.4	70.5	27.8	93.4	0.0	0.0	0.0	0.000	0.000	0.000	0.0	0.0		20:28:37:995		
000:01:21.200	93.4	70.5	27.8	93.4	0.0	0.0	0.0	0.000	0.000	0.000	0.0	0.0		20:28:38:195		
000:01:21.400	93.4	70.5	27.8	93.4	0.0	0.0	0.0	0.000	0.000	0.000	0.0	0.0		20:28:38:395		
000:01:21.600	93.5	70.4	27.8	93.6	0.0	0.0	0.0	0.000	0.000	0.000	0.0	0.0		20:28:38:595		
000:01:21.800	93.4	70.4	27.8	93.5	0.0	0.0	0.0	0.000	0.000	0.000	0.0	0.0		20:28:38:795		
000:01:22.000	93.3	70.4	27.8	93.4	0.0	0.0	0.0	0.000	0.000	0.000	0.0	0.0		20:28:38:995		
000:01:22.200	92.0	70.4	27.8	91.7	0.0	0.0	0.0	0.000	0.000	0.000	0.0	0.0		20:28:39:195		
000:01:22.400	91.5	70.4	27.8	91.4	0.0	0.0	0.0	0.000	0.000	0.000	0.0	0.0		20:28:39:395		
000:01:22.600	91.0	70.4	27.8	91.0	0.0	0.0	0.0	0.000	0.000	0.000	0.0	0.0		20:28:39:595		
000:01:22.800	91.2	70.4	27.8	91.3	0.0	0.0	0.0	0.000	0.000	0.000	0.0	0.0		20:28:39:795		
000:01:23.000	91.9	70.4	27.8	91.9	0.0	0.0	0.0	0.000	0.000	0.000	0.0	0.0		20:28:39:995		
000:01:23.200	91.8	70.4	27.8	91.8	0.0	0.0	0.0	0.000	0.000	0.000	0.0	0.0		20:28:40:195		
000:01:23.400	91.7	70.4	27.8	91.7	0.0	0.0	0.0	0.000	0.000	0.000	0.0	0.0		20:28:40:395		
000:01:23.600	91.4	70.4	27.8	91.4	0.0	0.0	0.0	0.000	0.000	0.000	0.0	0.0		20:28:40:595		
000:01:23.800	91.5	70.4	27.8	91.5	0.0	0.0	0.0	0.000	0.000	0.000	0.0	0.0		20:28:40:795		
000:01:24.000	91.6	70.4	27.8	91.6	0.0	0.0	0.0	0.000	0.000	0.000	0.0	0.0		20:28:40:995		
000:01:24.200	91.9	70.4	27.8	91.9	0.0	0.0	0.0	0.000	0.000	0.000	0.0	0.0		20:28:41:195		
000:01:24.400	92.0	70.4	27.8	92.1	0.0	0.0	0.0	0.000	0.000	0.000	0.0	0.0		20:28:41:395		
000:01:24.600	92.1	70.4	27.8	92.2	0.0	0.0	0.0	0.000	0.000	0.000	0.0	0.0		20:28:41:595		
000:01:24.800	92.5	70.4	27.8	92.5	0.0	0.0	0.0	0.000	0.000	0.000	0.0	0.0		20:28:41:795		
000:01:25.000	92.4	70.4	27.8	92.4	0.0	0.0	0.0	0.000	0.000	0.000	0.0	0.0		20:28:41:995		
000:01:25.200	92.4	70.4	27.8	92.4	0.0	0.0	0.0	0.000	0.000	0.000	0.0	0.0		20:28:42:195		
000:01:25.400	92.3	70.4	27.8	92.3	0.0	0.0	0.0	0.000	0.000	0.000	0.0	0.0		20:28:42:395		
000:01:25.600	92.1	70.4	27.8	92.1	0.0	0.0	0.0	0.000	0.000	0.000	0.0	0.0		20:28:42:595		
000:01:25.800	92.2	70.4	27.8	92.2	0.0	0.0	0.0	0.000	0.000	0.000	0.0	0.0		20:28:42:795		
000:01:26.000	92.3	70.4	27.8	92.3	0.0	0.0	0.0	0.000	0.000	0.000	0.0	0.0		20:28:42:995		
000:01:26.200	92.6	70.4	27.8	92.6	0.0	0.0	0.0	0.000	0.000	0.000	0.0	0.0		20:28:43:195		
000:01:26.400	92.6	70.4	27.8	92.7	0.0	0.0	0.0	0.000	0.000	0.000	0.0	0.0		20:28:43:395		
000:01:26.600	92.7	70.4	27.8	92.8	0.0	0.0	0.0	0.000	0.000	0.000	0.0	0.0		20:28:43:595		
000:01:26.800	93.0	70.4	27.8	93.0	0.0	0.0	0.0	0.000	0.000	0.000	0.0	0.0		20:28:43:795		
000:01:27.000	93.2	70.4	27.8	93.1	0.0	0.0	0.0	0.000	0.000	0.000	0.0	0.0		20:28:43:995		
000:01:27.200	93.1	70.4	27.8	93.1	0.0	0.0	0.0	0.000	0.000	0.000	0.0	0.0		20:28:44:195		
000:01:27.400	93.0	70.3	27.8	93.0	0.0	0.0	0.0	0.000	0.000	0.000	0.0	0.0		20:28:44:395		
000:01:27.600	92.7	70.3	27.8	92.7	0.0	0.0	0.0	0.000	0.000	0.000	0.0	0.0		20:28:44:595		
000:01:27.800	92.7	70.3	27.8	92.7	0.0	0.0	0.0	0.000	0.000	0.000	0.0	0.0		20:28:44:795		
000:01:28.000	92.7	70.3	27.8	92.7	0.0	0.0	0.0	0.000	0.000	0.000	0.0	0.0		20:28:44:995		
000:01:28.200	92.8	70.3	27.8	92.8	0.0	0.0	0.0	0.000	0.000	0.000	0.0	0.0		20:28:45:195		
000:01:28.400	92.8	70.3	27.8	92.8	0.0	0.0	0.0	0.000	0.000	0.000	0.0	0.0		20:28:45:395		
000:01:28.600	92.9	70.3	27.8	92.9	0.0	0.0	0.0	0.000	0.000	0.000	0.0	0.0		20:28:45:595		
000:01:28.800	93.1	70.3	27.8	93.1	0.0	0.0	0.0	0.000	0.000	0.000	0.0	0.0		20:28:45:795		
000:01:29.000	93.1	70.3	27.8	93.1	0.0	0.0	0.0	0.000	0.000	0.000	0.0	0.0		20:28:45:995		
000:01:29.200	93.2	70.3	27.8	93.1	0.0	0.0	0.0	0.000	0.000	0.000	0.0	0.0		20:28:46:195		
000:01:29.400	93.2	70.3	27.8	93.2	0.0	0.0	0.0	0.000	0.000	0.000	0.0	0.0		20:28:46:395		
000:01:29.600	93.2	70.3	27.8	93.1	0.0	0.0	0.0	0.000	0.000	0.000	0.0	0.0		20:28:46:595		
000:01:29.800	93.1	70.3	27.8	93.1	0.0	0.0	0.0	0.000	0.000	0.000	0.0	0.0		20:28:46:795		
000:01:30.000	93.1	70.3	27.8	93.1	0.0	0.0	0.0	0.000	0.000	0.000	0.0	0.0		20:28:46:995		
000:01:30.200	93.2	70.3	27.8	93.2	0.0	0.0	0.0	0.000	0.000	0.000	0.0	0.0		20:28:47:195		
000:01:30.400	93.2	70.3	27.8	93.2	0.0	0.0	0.0	0.000	0.000	0.000	0.0	0.0		20:28:47:395		
000:01:30.600	93.2	70.3	27.8	93.2	0.0	0.0	0.0	0.000	0.000	0.000	0.0	0.0		20:28:47:595		
000:01:30.800	93.2	70.3	27.8	93.2	0.0	0.0	0.0	0.000	0.000	0.000	0.0	0.0		20:28:47:795		
000:01:31.000	93.2	70.3	27.8	93.2	0.0	0.0	0.0	0.000	0.000	0.000	0.0	0.0		20:28:47:995		
000:01:31.200	93.2	70.3	27.8	93.2	0.0	0.0	0.0	0.000	0.000	0.000	0.0	0.0		20:28:48:195		
000:01:31.400	93.2	70.3	27.8	93.2	0.0	0.0	0.0	0.000	0.000	0.000	0.0	0.0		20:28:48:395		
000:01:31.600	93.2	70.3	27.8	93.2	0.0	0.0	0.0	0.000	0.000	0.000	0.0	0.0		20:28:48:595		
000:01:31.800	93.2	70.3	27.8	93.3	0.0	0.0	0.0	0.000	0.000	0.000	0.0	0.0		20:28:48:795		
000:01:32.000	93.2	70.3	27.8	93.3	0.0	0.0	0.0	0.000	0.000	0.000	0.0	0.0		20:28:48:995		
000:01:32.200	93.3	70.3	27.8	93.3	0.0	0.0	0.0	0.000	0.000	0.000	0.0	0.0		20:28:49:195		
000:01:32.400	93.3	70.3	27.8	93.3	0.0	0.0	0.0	0.000	0.000	0.000	0.0	0.0		20:28:49:395		
000:01:32.600	93.2	70.3	27.8	93.2	0.0	0.0	0.0	0.000	0.000	0.000	0.0	0.0		20:28:49:595		
000:01:32.800	93.4	70.3	27.8	93.4	0.0	0.0	0.0	0.000	0.000	0.000	0.0	0.0		20:28:49:795		
000:01:33.000	93.4	70.3	27.8	93.4	0.0	0.0	0.0	0.000	0.000	0.000	0.0	0.0		20:28:49:995		
000:01:33.200	93.4	70.2	27.8	93.4	0.0	0.0	0.0	0.000	0.000	0.000	0.0	0.0		20:28:50:195		
000:01:33.400	93.3	70.2	27.8	93.4	0.0	0.0	0.0	0.000	0.000	0.000	0.0	0.0		20:28:50:395		
000:01:33.600	93.3	70.2	27.8	93.4	0.0	0.0	0.0	0.000	0.000	0.000	0.0	0.0		20:28:50:595		
000:01:33.800	93.3	70.2	27.8	93.3	0.0	0.0	0.0	0.000	0.000	0.000	0.0	0.0		20:28:50:795		
000:01:34.000	93.3	70.2	27.8	93.3	0.0	0.0	0.0	0.000	0.000	0.000	0.0	0.0		20:28:50:995		
000:01:34.200	93.3	70.2	27.8	93.3	0.0	0.0	0.0	0.000	0.000	0.000	0.0	0.0		20:28:51:195		
000:01:34.400	93.3	70.2	27.8	93.3	0.0	0.0	0.0	0.000	0.000	0.000	0.0	0.0		20:28:51:395		
000:01:34.600	93.2	70.2	27.8	93.2	0.0	0.0	0.0	0.000	0.000	0.000	0.0	0.0		20:28:51:595		
000:01:34.800	93.2	70.2	27.8	93.1	0.0	0.0	0.0	0.000	0.000	0.000	0.0	0.0		20:28:51:795		
000:01:35.000	93.1	70.2	27.8	93.1	0.0	0.0	0.0	0.000	0.000	0.000	0.0	0.0		20:28:51:995		
000:01:35.200	93.0	70.2	27.8	93.0	0.0	0.0	0.0	0.000	0.000	0.000	0.0	0.0		20:28:52:195		
000:01:35.400	92.8	70.2	27.8	92.8	0.0	0.0	0.0	0.000	0.000	0.000	0.0	0.0		20:28:52:395		
000:01:35.600	92.3	70.2	27.8	92.3	0.0	0.0	0.0	0.000	0.000	0.000	0.0	0.0		20:28:52:595		
000:01:35.800	92.1	70.2	27.8	92.1	0.0	0.0	0.0	0.000	0.000	0.000	0.0	0.0		20:28:52:795		
000:01:36.000	91.9	70.2	27.8	91.8	0.0	0.0	0.0	0.000	0.000	0.000	0.0	0.0		20:28:52:995		
000:01:36.200	91.3	70.2	27.8	91.2	0.0	0.0	0.0	0.000	0.000	0.000	0.0	0.0		20:28:53:195		
000:01:36.400	90.9	70.2	27.8	90.8	0.0	0.0	0.0	0.000	0.000	0.000	0.0	0.0		20:28:53:395		
000:01:36.600	90.5	70.2	27.8	90.4	0.0	0.0	0.0	0.000	0.000	0.000	0.0	0.0		20:28:53:595		
000:01:36.800	90.3	70.2	27.8	90.3	0.0	0.0	0.0	0.000	0.000	0.000	0.0	0.0		20:28:53:795		
000:01:37.000	90.5	70.2	27.8	90.6	0.0	0.0	0.0	0.000	0.000	0.000	0.0	0.0		20:28:53:995		
000:01:37.200	90.7	70.2	27.8	90.8	0.0	0.0	0.0	0.000	0.000	0.000	0.0	0.0		20:28:54:195		
000:01:37.400	90.9	70.2	27.8	91.0	0.0	0.0	0.0	0.000	0.000	0.000	0.0	0.0		20:28:54:395		
000:01:37.600	91.5	70.2	27.8	91.5	0.0	0.0	0.0	0.000	0.000	0.000	0.0	0.0		20:28:54:595		
000:01:37.800	91.8	70.2	27.8	91.8	0.0	0.0	0.0	0.000	0.000	0.000	0.0	0.0		20:28:54:795		
000:01:38.000	92.0	70.2	27.8	92.0	0.0	0.0	0.0	0.000	0.000	0.000	0.0	0.0		20:28:54:995		
000:01:38.200	92.4	70.2	27.8	92.6	0.0	0.0	0.0	0.000	0.000	0.000	0.0	0.0		20:28:55:195		
000:01:38.400	92.6	70.2	27.8	92.7	0.0	0.0	0.0	0.000	0.000	0.000	0.0	0.0		20:28:55:395		
000:01:38.600	92.8	70.2	27.8	92.8	0.0	0.0	0.0	0.000	0.000	0.000	0.0	0.0		20:28:55:595		
000:01:38.800	93.1	70.2	27.8	93.1	0.0	0.0	0.0	0.000	0.000	0.000	0.0	0.0		20:28:55:795		
000:01:39.000	93.1	70.2	27.8	93.1	0.0	0.0	0.0	0.000	0.000	0.000	0.0	0.0		20:28:55:995		
000:01:39.200	93.2	70.2	27.8	93.2	0.0	0.0	0.0	0.000	0.000	0.000	0.0	0.0		20:28:56:195		
000:01:39.400	93.3	70.2	27.8	93.3	0.0	0.0	0.0	0.000	0.000	0.000	0.0	0.0		20:28:56:395		
000:01:39.600	93.3	70.2	27.8	93.3	0.0	0.0	0.0	0.000	0.000	0.000	0.0	0.0		20:28:56:595		
000:01:39.800	93.4	70.2	27.8	93.4	0.0	0.0	0.0	0.000	0.000	0.000	0.0	0.0		20:28:56:795		
000:01:40.000	93.4	70.2	27.8	93.4	0.0	0.0	0.0	0.000	0.000	0.000	0.0	0.0		20:28:56:995		
000:01:40.200	93.4	70.2	27.8	93.4	0.0	0.0	0.0	0.000	0.000	0.000	0.0	0.0		20:28:57:195		
000:01:40.400	93.4	70.2	27.8	93.4	0.0	0.0	0.0	0.000	0.000	0.000	0.0	0.0		20:28:57:395		
000:01:40.600	91.1	70.2	27.8	91.0	0.0	0.0	0.0	0.000	0.000	0.000	0.0	0.0		20:28:57:595		
000:01:40.800	91.0	70.2	27.8	91.0	0.0	0.0	0.0	0.000	0.000	0.000	0.0	0.0		20:28:57:795		
000:01:41.000	91.3	70.2	27.8	91.4	0.0	0.0	0.0	0.000	0.000	0.000	0.0	0.0		20:28:57:995		
000:01:41.200	91.7	70.2	27.8	91.8	0.0	0.0	0.0	0.000	0.000	0.000	0.0	0.0		20:28:58:195		
000:01:41.400	92.0	70.2	27.8	92.0	0.0	0.0	0.0	0.000	0.000	0.000	0.0	0.0		20:28:58:395		
000:01:41.600	91.8	70.2	27.8	91.8	0.0	0.0	0.0	0.000	0.000	0.000	0.0	0.0		20:28:58:595		
000:01:41.800	91.5	70.2	27.8	91.5	0.0	0.0	0.0	0.000	0.000	0.000	0.0	0.0		20:28:58:795		
000:01:42.000	90.9	70.2	27.8	90.8	0.0	0.0	0.0	0.000	0.000	0.000	0.0	0.0		20:28:58:995		
000:01:42.200	91.1	70.2	27.8	91.1	0.0	0.0	0.0	0.000	0.000	0.000	0.0	0.0		20:28:59:195		
000:01:42.400	91.2	70.2	27.8	91.3	0.0	0.0	0.0	0.000	0.000	0.000	0.0	0.0		20:28:59:395		
000:01:42.600	91.9	70.2	27.8	91.9	0.0	0.0	0.0	0.000	0.000	0.000	0.0	0.0		20:28:59:595		
000:01:42.800	92.1	70.2	27.8	92.2	0.0	0.0	0.0	0.000	0.000	0.000	0.0	0.0		20:28:59:795		
000:01:43.000	92.3	70.2	27.8	92.4	0.0	0.0	0.0	0.000	0.000	0.000	0.0	0.0		20:28:59:995		
000:01:43.200	92.8	70.2	27.8	92.7	0.0	0.0	0.0	0.000	0.000	0.000	0.0	0.0		20:29:00:195		
000:01:43.400	92.6	70.2	27.8	92.5	0.0	0.0	0.0	0.000	0.000	0.000	0.0	0.0		20:29:00:395		
000:01:43.600	92.3	70.2	27.8	92.3	0.0	0.0	0.0	0.000	0.000	0.000	0.0	0.0		20:29:00:595		
000:01:43.800	91.8	70.2	27.8	91.7	0.0	0.0	0.0	0.000	0.000	0.000	0.0	0.0		20:29:00:795		
000:01:44.000	91.5	70.2	27.8	91.4	0.0	0.0	0.0	0.000	0.000	0.000	0.0	0.0		20:29:00:995		
000:01:44.200	91.2	70.2	27.8	91.0	0.0	0.0	0.0	0.000	0.000	0.000	0.0	0.0		20:29:01:195		
000:01:44.400	90.7	70.2	27.8	90.7	0.0	0.0	0.0	0.000	0.000	0.000	0.0	0.0		20:29:01:395		
000:01:44.600	91.3	70.2	27.8	91.4	0.0	0.0	0.0	0.000	0.000	0.000	0.0	0.0		20:29:01:595		
000:01:44.800	91.6	70.2	27.8	91.7	0.0	0.0	0.0	0.000	0.000	0.000	0.0	0.0		20:29:01:795		
000:01:45.000	91.9	70.2	27.8	91.9	0.0	0.0	0.0	0.000	0.000	0.000	0.0	0.0		20:29:01:995		
000:01:45.200	92.3	70.2	27.8	92.4	0.0	0.0	0.0	0.000	0.000	0.000	0.0	0.0		20:29:02:195		
000:01:45.400	92.6	70.2	27.8	92.6	0.0	0.0	0.0	0.000	0.000	0.000	0.0	0.0		20:29:02:395		
000:01:45.600	92.8	70.2	27.8	92.8	0.0	0.0	0.0	0.000	0.000	0.000	0.0	0.0		20:29:02:595		
000:01:45.800	93.0	70.2	27.8	93.1	0.0	0.0	0.0	0.000	0.000	0.000	0.0	0.0		20:29:02:795		
000:01:46.000	93.0	70.2	27.8	93.0	0.0	0.0	0.0	0.000	0.000	0.000	0.0	0.0		20:29:02:995		
000:01:46.200	93.0	70.2	27.8	93.0	0.0	0.0	0.0	0.000	0.000	0.000	0.0	0.0		20:29:03:195		
000:01:46.400	92.8	70.2	27.8	92.8	0.0	0.0	0.0	0.000	0.000	0.000	0.0	0.0		20:29:03:395		
000:01:46.600	92.6	70.2	27.8	92.6	0.0	0.0	0.0	0.000	0.000	0.000	0.0	0.0		20:29:03:595		
000:01:46.800	92.3	70.2	27.8	92.3	0.0	0.0	0.0	0.000	0.000	0.000	0.0	0.0		20:29:03:795		
000:01:47.000	92.0	70.2	27.8	91.9	0.0	0.0	0.0	0.000	0.000	0.000	0.0	0.0		20:29:03:995		
000:01:47.200	91.9	70.2	27.8	91.9	0.0	0.0	0.0	0.000	0.000	0.000	0.0	0.0		20:29:04:195		
000:01:47.400	91.7	70.2	27.8	91.8	0.0	0.0	0.0	0.000	0.000	0.000	0.0	0.0		20:29:04:395		
000:01:47.600	92.2	70.2	27.8	92.2	0.0	0.0	0.0	0.000	0.000	0.000	0.0	0.0		20:29:04:595		
000:01:47.800	92.3	70.2	27.8	92.3	0.0	0.0	0.0	0.000	0.000	0.000	0.0	0.0		20:29:04:795		
000:01:48.000	92.5	70.2	27.8	92.5	0.0	0.0	0.0	0.000	0.000	0.000	0.0	0.0		20:29:04:995		
000:01:48.200	92.8	70.2	27.8	92.9	0.0	0.0	0.0	0.000	0.000	0.000	0.0	0.0		20:29:05:195		
000:01:48.400	93.1	70.2	27.8	93.1	0.0	0.0	0.0	0.000	0.000	0.000	0.0	0.0		20:29:05:395		
000:01:48.600	93.1	70.2	27.8	93.1	0.0	0.0	0.0	0.000	0.000	0.000	0.0	0.0		20:29:05:595		
000:01:48.800	93.1	70.2	27.8	93.2	0.0	0.0	0.0	0.000	0.000	0.000	0.0	0.0		20:29:05:795		
000:01:49.000	93.2	70.2	27.8	93.2	0.0	0.0	0.0	0.000	0.000	0.000	0.0	0.0		20:29:05:995		
000:01:49.200	93.2	70.2	27.8	93.1	0.0	0.0	0.0	0.000	0.000	0.000	0.0	0.0		20:29:06:195		
000:01:49.400	93.1	70.2	27.8	93.0	0.0	0.0	0.0	0.000	0.000	0.000	0.0	0.0		20:29:06:395		
000:01:49.600	92.9	70.2	27.8	92.9	0.0	0.0	0.0	0.000	0.000	0.000	0.0	0.0		20:29:06:595		
000:01:49.800	92.8	70.2	27.8	92.7	0.0	0.0	0.0	0.000	0.000	0.000	0.0	0.0		20:29:06:795		
000:01:50.000	92.6	70.2	27.8	92.5	0.0	0.0	0.0	0.000	0.000	0.000	0.0	0.0		20:29:06:995		
000:01:50.200	92.3	70.2	27.8	92.4	0.0	0.0	0.0	0.000	0.000	0.000	0.0	0.0		20:29:07:195		
000:01:50.400	92.7	70.2	27.8	92.8	0.0	0.0	0.0	0.000	0.000	0.000	0.0	0.0		20:29:07:395		
000:01:50.600	92.8	70.2	27.8	92.9	0.0	0.0	0.0	0.000	0.000	0.000	0.0	0.0		20:29:07:595		
000:01:50.800	93.0	70.2	27.8	93.0	0.0	0.0	0.0	0.000	0.000	0.000	0.0	0.0		20:29:07:795		
000:01:51.000	93.1	70.2	27.8	93.1	0.0	0.0	0.0	0.000	0.000	0.000	0.0	0.0		20:29:07:995		
000:01:51.200	93.1	70.2	27.8	93.1	0.0	0.0	0.0	0.000	0.000	0.000	0.0	0.0		20:29:08:195		
000:01:51.400	93.2	70.2	27.8	93.2	0.0	0.0	0.0	0.000	0.000	0.000	0.0	0.0		20:29:08:395		
000:01:51.600	93.3	70.2	27.8	93.3	0.0	0.0	0.0	0.000	0.000	0.000	0.0	0.0		20:29:08:595		
000:01:51.800	93.4	70.2	27.8	93.4	0.0	0.0	0.0	0.000	0.000	0.000	0.0	0.0		20:29:08:795		
000:01:52.000	93.4	70.2	27.8	93.4	0.0	0.0	0.0	0.000	0.000	0.000	0.0	0.0		20:29:08:995		
000:01:52.200	93.3	70.2	27.8	93.3	0.0	0.0	0.0	0.000	0.000	0.000	0.0	0.0		20:29:09:195		
000:01:52.400	93.2	70.2	27.8	93.2	0.0	0.0	0.0	0.000	0.000	0.000	0.0	0.0		20:29:09:395		
000:01:52.600	93.1	70.2	27.8	93.2	0.0	0.0	0.0	0.000	0.000	0.000	0.0	0.0		20:29:09:595		
000:01:52.800	93.1	70.2	27.8	93.2	0.0	0.0	0.0	0.000	0.000	0.000	0.0	0.0		20:29:09:795		
000:01:53.000	93.0	70.2	27.8	93.0	0.0	0.0	0.0	0.000	0.000	0.000	0.0	0.0		20:29:09:995		
000:01:53.200	93.0	70.2	27.8	93.0	0.0	0.0	0.0	0.000	0.000	0.000	0.0	0.0		20:29:10:195		
000:01:53.400	93.1	70.2	27.8	93.1	0.0	0.0	0.0	0.000	0.000	0.000	0.0	0.0		20:29:10:395		
000:01:53.600	93.1	70.2	27.8	93.2	0.0	0.0	0.0	0.000	0.000	0.000	0.0	0.0		20:29:10:595		
000:01:53.800	93.2	70.2	27.8	93.2	0.0	0.0	0.0	0.000	0.000	0.000	0.0	0.0		20:29:10:795		
000:01:54.000	93.3	70.2	27.8	93.3	0.0	0.0	0.0	0.000	0.000	0.000	0.0	0.0		20:29:10:995		
000:01:54.200	93.3	70.2	27.8	93.3	0.0	0.0	0.0	0.000	0.000	0.000	0.0	0.0		20:29:11:195		
000:01:54.400	93.4	70.2	27.8	93.4	0.0	0.0	0.0	0.000	0.000	0.000	0.0	0.0		20:29:11:395		
000:01:54.600	93.4	70.2	27.8	93.4	0.0	0.0	0.0	0.000	0.000	0.000	0.0	0.0		20:29:11:595		
000:01:54.800	93.3	70.2	27.8	93.3	0.0	0.0	0.0	0.000	0.000	0.000	0.0	0.0		20:29:11:795		
000:01:55.000	93.2	70.2	27.8	93.2	0.0	0.0	0.0	0.000	0.000	0.000	0.0	0.0		20:29:11:995		
000:01:55.200	93.2	70.3	27.8	93.2	0.0	0.0	0.0	0.000	0.000	0.000	0.0	0.0		20:29:12:195		
000:01:55.400	93.2	70.3	27.8	93.2	0.0	0.0	0.0	0.000	0.000	0.000	0.0	0.0		20:29:12:395		
000:01:55.600	93.3	70.3	27.8	93.3	0.0	0.0	0.0	0.000	0.000	0.000	0.0	0.0		20:29:12:595		
000:01:55.800	93.4	70.3	27.8	93.4	0.0	0.0	0.0	0.000	0.000	0.000	0.0	0.0		20:29:12:795		
000:01:56.000	93.4	70.3	27.8	93.4	0.0	0.0	0.0	0.000	0.000	0.000	0.0	0.0		20:29:12:995		
000:01:56.200	93.5	70.2	27.8	93.4	0.0	0.0	0.0	0.000	0.000	0.000	0.0	0.0		20:29:13:195		
000:01:56.400	93.4	70.2	27.8	93.4	0.0	0.0	0.0	0.000	0.000	0.000	0.0	0.0		20:29:13:395		
000:01:56.600	93.3	70.2	27.8	93.4	0.0	0.0	0.0	0.000	0.000	0.000	0.0	0.0		20:29:13:595		
000:01:56.800	93.4	70.2	27.8	93.4	0.0	0.0	0.0	0.000	0.000	0.000	0.0	0.0		20:29:13:795		
000:01:57.000	121.8	70.2	27.8	125.4	0.0	0.0	0.0	0.000	0.000	0.000	0.0	0.0		20:29:13:995		
000:01:57.200	150.2	70.2	27.8	157.4	0.0	0.0	0.0	0.000	0.000	0.000	0.0	0.0		20:29:14:195		
000:01:57.400	160.6	70.3	27.8	160.3	0.0	0.0	0.0	0.000	0.000	0.000	0.0	0.0		20:29:14:395		
000:01:57.600	157.9	70.3	27.8	157.7	0.0	0.0	0.0	0.000	0.000	0.000	0.0	0.0		20:29:14:595		
000:01:57.800	156.9	70.3	27.8	156.8	0.0	0.0	0.0	0.000	0.000	0.000	0.0	0.0		20:29:14:795		
000:01:58.000	156.0	70.3	27.8	155.8	0.0	0.0	0.0	0.000	0.000	0.000	0.0	0.0		20:29:14:995		
000:01:58.200	154.4	70.3	27.8	154.3	0.0	0.0	0.0	0.000	0.000	0.000	0.0	0.0		20:29:15:195		
000:01:58.400	153.8	70.3	27.8	153.7	0.0	0.0	0.0	0.000	0.000	0.000	0.0	0.0		20:29:15:395		
000:01:58.600	153.2	70.3	27.8	153.1	0.0	0.0	0.0	0.000	0.000	0.000	0.0	0.0		20:29:15:595		
000:01:58.800	152.1	70.3	27.8	151.9	0.0	0.0	0.0	0.000	0.000	0.000	0.0	0.0		20:29:15:795		
000:01:59.000	151.0	70.3	27.8	150.9	0.0	0.0	0.0	0.000	0.000	0.000	0.0	0.0		20:29:15:995		
000:01:59.200	150.5	70.3	27.8	150.5	0.0	0.0	0.0	0.000	0.000	0.000	0.0	0.0		20:29:16:195		
000:01:59.400	150.1	70.3	27.8	150.1	0.0	0.0	0.0	0.000	0.000	0.000	0.0	0.0		20:29:16:395		
000:01:59.600	149.5	70.3	27.8	149.5	0.0	0.0	0.0	0.000	0.000	0.000	0.0	0.0		20:29:16:595		
000:01:59.800	149.3	70.3	27.8	149.2	0.0	0.0	0.0	0.000	0.000	0.000	0.0	0.0		20:29:16:795		
000:02:00.000	149.0	70.3	27.8	148.9	0.0	0.0	0.0	0.000	0.000	0.000	0.0	0.0		20:29:16:995		
000:02:00.200	148.5	70.3	27.8	148.5	0.0	0.0	0.0	0.000	0.000	0.000	0.0	0.0		20:29:17:195		
000:02:00.400	148.2	70.3	27.8	148.2	0.0	0.0	0.0	0.000	0.000	0.000	0.0	0.0		20:29:17:395		
000:02:00.600	148.1	70.3	27.8	148.1	0.0	0.0	0.0	0.000	0.000	0.000	0.0	0.0		20:29:17:595		
000:02:00.800	148.0	70.3	27.8	148.0	0.0	0.0	0.0	0.000	0.000	0.000	0.0	0.0		20:29:17:795		
000:02:01.000	147.8	70.3	27.8	147.8	0.0	0.0	0.0	0.000	0.000	0.000	0.0	0.0		20:29:17:995		
000:02:01.200	147.7	70.3	27.8	147.7	0.0	0.0	0.0	0.000	0.000	0.000	0.0	0.0		20:29:18:195		
000:02:01.400	147.5	70.3	27.8	147.5	0.0	0.0	0.0	0.000	0.000	0.000	0.0	0.0		20:29:18:395		
000:02:01.600	147.2	70.3	27.8	147.1	0.0	0.0	0.0	0.000	0.000	0.000	0.0	0.0		20:29:18:595		
000:02:01.800	146.9	70.3	27.8	146.8	0.0	0.0	0.0	0.000	0.000	0.000	0.0	0.0		20:29:18:795		
000:02:02.000	146.6	70.3	27.8	146.5	0.0	0.0	0.0	0.000	0.000	0.000	0.0	0.0		20:29:18:995		
000:02:02.200	146.4	70.3	27.8	146.3	0.0	0.0	0.0	0.000	0.000	0.000	0.0	0.0		20:29:19:195		
000:02:02.400	145.7	70.3	27.8	145.6	0.0	0.0	0.0	0.000	0.000	0.000	0.0	0.0		20:29:19:395		
000:02:02.600	145.4	70.3	27.8	145.3	0.0	0.0	0.0	0.000	0.000	0.000	0.0	0.0		20:29:19:595		
000:02:02.800	145.1	70.3	27.8	145.0	0.0	0.0	0.0	0.000	0.000	0.000	0.0	0.0		20:29:19:795		
000:02:03.000	144.2	70.3	27.8	144.1	0.0	0.0	0.0	0.000	0.000	0.000	0.0	0.0		20:29:19:995		
000:02:03.200	143.7	70.3	27.8	143.6	0.0	0.0	0.0	0.000	0.000	0.000	0.0	0.0		20:29:20:195		
000:02:03.400	143.2	70.3	27.8	143.1	0.0	0.0	0.0	0.000	0.000	0.000	0.0	0.0		20:29:20:395		
000:02:03.600	142.4	70.3	27.8	142.3	0.0	0.0	0.0	0.000	0.000	0.000	0.0	0.0		20:29:20:595		
000:02:03.800	141.7	70.3	27.8	141.7	0.0	0.0	0.0	0.000	0.000	0.000	0.0	0.0		20:29:20:795		
000:02:04.000	141.2	70.3	27.8	141.1	0.0	0.0	0.0	0.000	0.000	0.000	0.0	0.0		20:29:20:995		
000:02:04.200	140.7	70.3	27.8	140.5	0.0	0.0	0.0	0.000	0.000	0.000	0.0	0.0		20:29:21:195		
000:02:04.400	139.7	70.3	27.8	139.6	0.0	0.0	0.0	0.000	0.000	0.000	0.0	0.0		20:29:21:395		
000:02:04.600	139.4	70.3	27.8	139.3	0.0	0.0	0.0	0.000	0.000	0.000	0.0	0.0		20:29:21:595		
000:02:04.800	139.0	70.3	27.8	138.9	0.0	0.0	0.0	0.000	0.000	0.000	0.0	0.0		20:29:21:795		
000:02:05.000	138.2	70.3	27.8	138.2	0.0	0.0	0.0	0.000	0.000	0.000	0.0	0.0		20:29:21:995		
000:02:05.200	137.9	70.3	27.8	137.9	0.0	0.0	0.0	0.000	0.000	0.000	0.0	0.0		20:29:22:195		
000:02:05.400	137.6	70.3	27.8	137.6	0.0	0.0	0.0	0.000	0.000	0.000	0.0	0.0		20:29:22:395		
000:02:05.600	137.1	70.3	27.8	137.0	0.0	0.0	0.0	0.000	0.000	0.000	0.0	0.0		20:29:22:595		
000:02:05.800	136.5	70.3	27.8	136.3	0.0	0.0	0.0	0.000	0.000	0.000	0.0	0.0		20:29:22:795		
000:02:06.000	136.1	70.3	27.8	136.0	0.0	0.0	0.0	0.000	0.000	0.000	0.0	0.0		20:29:22:995		
000:02:06.200	135.7	70.3	27.8	135.7	0.0	0.0	0.0	0.000	0.000	0.000	0.0	0.0		20:29:23:195		
000:02:06.400	135.0	70.3	27.8	134.9	0.0	0.0	0.0	0.000	0.000	0.000	0.0	0.0		20:29:23:395		
000:02:06.600	134.6	70.3	27.8	134.5	0.0	0.0	0.0	0.000	0.000	0.000	0.0	0.0		20:29:23:595		
000:02:06.800	134.2	70.3	27.8	134.1	0.0	0.0	0.0	0.000	0.000	0.000	0.0	0.0		20:29:23:795		
000:02:07.000	133.6	70.3	27.8	133.6	0.0	0.0	0.0	0.000	0.000	0.000	0.0	0.0		20:29:23:995		
000:02:07.200	133.1	70.3	27.8	133.1	0.0	0.0	0.0	0.000	0.000	0.000	0.0	0.0		20:29:24:195		
000:02:07.400	132.8	70.3	27.8	132.8	0.0	0.0	0.0	0.000	0.000	0.000	0.0	0.0		20:29:24:395		
000:02:07.600	132.5	70.3	27.8	132.5	0.0	0.0	0.0	0.000	0.000	0.000	0.0	0.0		20:29:24:595		
000:02:07.800	131.9	70.3	27.8	131.9	0.0	0.0	0.0	0.000	0.000	0.000	0.0	0.0		20:29:24:795		
000:02:08.000	131.7	70.3	27.8	131.7	0.0	0.0	0.0	0.000	0.000	0.000	0.0	0.0		20:29:24:995		
000:02:08.200	131.5	70.3	27.8	131.5	0.0	0.0	0.0	0.000	0.000	0.000	0.0	0.0		20:29:25:195		
000:02:08.400	131.2	70.3	27.8	131.1	0.0	0.0	0.0	0.000	0.000	0.000	0.0	0.0		20:29:25:395		
000:02:08.600	130.7	70.3	27.8	130.6	0.0	0.0	0.0	0.000	0.000	0.000	0.0	0.0		20:29:25:595		
000:02:08.800	130.4	70.3	27.8	130.3	0.0	0.0	0.0	0.000	0.000	0.000	0.0	0.0		20:29:25:795		
000:02:09.000	130.0	70.3	27.8	129.9	0.0	0.0	0.0	0.000	0.000	0.000	0.0	0.0		20:29:25:995		
000:02:09.200	129.6	70.3	27.8	129.6	0.0	0.0	0.0	0.000	0.000	0.000	0.0	0.0		20:29:26:195		
000:02:09.400	129.4	70.3	27.8	129.4	0.0	0.0	0.0	0.000	0.000	0.000	0.0	0.0		20:29:26:395		
000:02:09.600	129.1	70.3	27.8	129.1	0.0	0.0	0.0	0.000	0.000	0.000	0.0	0.0		20:29:26:595		
000:02:09.800	128.7	70.3	27.8	128.6	0.0	0.0	0.0	0.000	0.000	0.000	0.0	0.0		20:29:26:795		
000:02:10.000	128.3	70.3	27.8	128.2	0.0	0.0	0.0	0.000	0.000	0.000	0.0	0.0		20:29:26:995		
000:02:10.200	128.1	70.3	27.8	128.1	0.0	0.0	0.0	0.000	0.000	0.000	0.0	0.0		20:29:27:195		
000:02:10.400	127.9	70.3	27.8	127.9	0.0	0.0	0.0	0.000	0.000	0.000	0.0	0.0		20:29:27:395		
000:02:10.600	127.3	70.3	27.8	127.3	0.0	0.0	0.0	0.000	0.000	0.000	0.0	0.0		20:29:27:595		
000:02:10.800	127.2	70.3	27.8	127.1	0.0	0.0	0.0	0.000	0.000	0.000	0.0	0.0		20:29:27:795		
000:02:11.000	127.0	70.3	27.8	126.9	0.0	0.0	0.0	0.000	0.000	0.000	0.0	0.0		20:29:27:995		
000:02:11.200	126.4	70.4	27.8	126.3	0.0	0.0	0.0	0.000	0.000	0.000	0.0	0.0		20:29:28:195		
000:02:11.400	126.2	70.4	27.8	126.2	0.0	0.0	0.0	0.000	0.000	0.000	0.0	0.0		20:29:28:395		
000:02:11.600	126.1	70.4	27.8	126.1	0.0	0.0	0.0	0.000	0.000	0.000	0.0	0.0		20:29:28:595		
000:02:11.800	125.7	70.4	27.8	125.7	0.0	0.0	0.0	0.000	0.000	0.000	0.0	0.0		20:29:28:795		
000:02:12.000	125.4	70.4	27.8	125.3	0.0	0.0	0.0	0.000	0.000	0.000	0.0	0.0		20:29:28:995		
000:02:12.200	125.2	70.4	27.8	125.2	0.0	0.0	0.0	0.000	0.000	0.000	0.0	0.0		20:29:29:195		
000:02:12.400	125.0	70.4	27.8	125.0	0.0	0.0	0.0	0.000	0.000	0.000	0.0	0.0		20:29:29:395		
000:02:12.600	124.7	70.4	27.8	124.6	0.0	0.0	0.0	0.000	0.000	0.000	0.0	0.0		20:29:29:595		
000:02:12.800	124.5	70.4	27.8	124.4	0.0	0.0	0.0	0.000	0.000	0.000	0.0	0.0		20:29:29:795		
000:02:13.000	124.3	70.4	27.8	124.3	0.0	0.0	0.0	0.000	0.000	0.000	0.0	0.0		20:29:29:995		
000:02:13.200	124.0	70.4	27.8	124.0	0.0	0.0	0.0	0.000	0.000	0.000	0.0	0.0		20:29:30:195		
000:02:13.400	123.9	70.4	27.8	123.8	0.0	0.0	0.0	0.000	0.000	0.000	0.0	0.0		20:29:30:395		
000:02:13.600	123.8	70.4	27.8	123.7	0.0	0.0	0.0	0.000	0.000	0.000	0.0	0.0		20:29:30:595		
000:02:13.800	123.3	70.4	27.8	123.2	0.0	0.0	0.0	0.000	0.000	0.000	0.0	0.0		20:29:30:795		
000:02:14.000	122.7	70.4	27.8	122.7	0.0	0.0	0.0	0.000	0.000	0.000	0.0	0.0		20:29:30:995		
000:02:14.200	122.5	70.4	27.8	122.5	0.0	0.0	0.0	0.000	0.000	0.000	0.0	0.0		20:29:31:195		
000:02:14.400	122.4	70.4	27.8	122.3	0.0	0.0	0.0	0.000	0.000	0.000	0.0	0.0		20:29:31:395		
000:02:14.600	121.9	70.4	27.8	121.9	0.0	0.0	0.0	0.000	0.000	0.000	0.0	0.0		20:29:31:595		
000:02:14.800	121.7	70.4	27.8	121.6	0.0	0.0	0.0	0.000	0.000	0.000	0.0	0.0		20:29:31:795		
000:02:15.000	121.5	70.4	27.8	121.4	0.0	0.0	0.0	0.000	0.000	0.000	0.0	0.0		20:29:31:995		
000:02:15.200	121.1	70.4	27.8	121.0	0.0	0.0	0.0	0.000	0.000	0.000	0.0	0.0		20:29:32:195		
000:02:15.400	120.9	70.4	27.8	120.8	0.0	0.0	0.0	0.000	0.000	0.000	0.0	0.0		20:29:32:395		
000:02:15.600	120.7	70.4	27.8	120.7	0.0	0.0	0.0	0.000	0.000	0.000	0.0	0.0		20:29:32:595		
000:02:15.800	120.4	70.4	27.8	120.4	0.0	0.0	0.0	0.000	0.000	0.000	0.0	0.0		20:29:32:795		
000:02:16.000	120.3	70.4	27.8	120.2	0.0	0.0	0.0	0.000	0.000	0.000	0.0	0.0		20:29:32:995		
000:02:16.200	120.1	70.4	27.8	120.0	0.0	0.0	0.0	0.000	0.000	0.000	0.0	0.0		20:29:33:195		
000:02:16.400	119.8	70.4	27.8	119.7	0.0	0.0	0.0	0.000	0.000	0.000	0.0	0.0		20:29:33:395		
000:02:16.600	119.7	70.4	27.8	119.6	0.0	0.0	0.0	0.000	0.000	0.000	0.0	0.0		20:29:33:595		
000:02:16.800	119.6	70.4	27.8	119.5	0.0	0.0	0.0	0.000	0.000	0.000	0.0	0.0		20:29:33:795		
000:02:17.000	119.5	70.4	27.8	119.4	0.0	0.0	0.0	0.000	0.000	0.000	0.0	0.0		20:29:33:995		
000:02:17.200	119.1	70.4	27.8	119.1	0.0	0.0	0.0	0.000	0.000	0.000	0.0	0.0		20:29:34:195		
000:02:17.400	119.1	70.4	27.8	119.0	0.0	0.0	0.0	0.000	0.000	0.000	0.0	0.0		20:29:34:395		
000:02:17.600	119.0	70.4	27.8	118.9	0.0	0.0	0.0	0.000	0.000	0.000	0.0	0.0		20:29:34:595		
000:02:17.800	118.5	70.4	27.8	118.5	0.0	0.0	0.0	0.000	0.000	0.000	0.0	0.0		20:29:34:795		
000:02:18.000	118.3	70.4	27.8	118.3	0.0	0.0	0.0	0.000	0.000	0.000	0.0	0.0		20:29:34:995		
000:02:18.200	118.2	70.4	27.8	118.2	0.0	0.0	0.0	0.000	0.000	0.000	0.0	0.0		20:29:35:195		
000:02:18.400	118.0	70.4	27.8	117.9	0.0	0.0	0.0	0.000	0.000	0.000	0.0	0.0		20:29:35:395		
000:02:18.600	117.8	70.4	27.8	117.7	0.0	0.0	0.0	0.000	0.000	0.000	0.0	0.0		20:29:35:595		
000:02:18.800	117.7	70.4	27.8	117.6	0.0	0.0	0.0	0.000	0.000	0.000	0.0	0.0		20:29:35:795		
000:02:19.000	117.5	70.4	27.8	117.4	0.0	0.0	0.0	0.000	0.000	0.000	0.0	0.0		20:29:35:995		
000:02:19.200	117.3	70.4	27.8	117.2	0.0	0.0	0.0	0.000	0.000	0.000	0.0	0.0		20:29:36:195		
000:02:19.400	117.1	70.4	27.8	117.0	0.0	0.0	0.0	0.000	0.000	0.000	0.0	0.0		20:29:36:395		
000:02:19.600	116.8	70.4	27.8	116.7	0.0	0.0	0.0	0.000	0.000	0.000	0.0	0.0		20:29:36:595		
000:02:19.800	116.6	70.4	27.8	116.6	0.0	0.0	0.0	0.000	0.000	0.000	0.0	0.0		20:29:36:795		
000:02:20.000	116.4	70.4	27.8	116.4	0.0	0.0	0.0	0.000	0.000	0.000	0.0	0.0		20:29:36:995		
000:02:20.200	116.3	70.4	27.8	116.2	0.0	0.0	0.0	0.000	0.000	0.000	0.0	0.0		20:29:37:195		
000:02:20.400	116.0	70.4	27.8	116.0	0.0	0.0	0.0	0.000	0.000	0.000	0.0	0.0		20:29:37:395		
000:02:20.600	115.8	70.4	27.8	115.8	0.0	0.0	0.0	0.000	0.000	0.000	0.0	0.0		20:29:37:595		
000:02:20.800	115.7	70.4	27.8	115.7	0.0	0.0	0.0	0.000	0.000	0.000	0.0	0.0		20:29:37:795		
000:02:21.000	115.4	70.4	27.8	115.4	0.0	0.0	0.0	0.000	0.000	0.000	0.0	0.0		20:29:37:995		
000:02:21.200	115.3	70.4	27.8	115.3	0.0	0.0	0.0	0.000	0.000	0.000	0.0	0.0		20:29:38:195		
000:02:21.400	115.2	70.4	27.8	115.2	0.0	0.0	0.0	0.000	0.000	0.000	0.0	0.0		20:29:38:395		
000:02:21.600	115.0	70.4	27.8	115.0	0.0	0.0	0.0	0.000	0.000	0.000	0.0	0.0		20:29:38:595		
000:02:21.800	114.9	70.4	27.8	114.8	0.0	0.0	0.0	0.000	0.000	0.000	0.0	0.0		20:29:38:795		
000:02:22.000	114.8	70.4	27.8	114.7	0.0	0.0	0.0	0.000	0.000	0.000	0.0	0.0		20:29:38:995		
000:02:22.200	114.5	70.4	27.8	114.5	0.0	0.0	0.0	0.000	0.000	0.000	0.0	0.0		20:29:39:195		
000:02:22.400	114.4	70.4	27.8	114.4	0.0	0.0	0.0	0.000	0.000	0.000	0.0	0.0		20:29:39:395		
000:02:22.600	114.2	70.4	27.8	114.2	0.0	0.0	0.0	0.000	0.000	0.000	0.0	0.0		20:29:39:595		
000:02:22.800	113.9	70.4	27.8	113.9	0.0	0.0	0.0	0.000	0.000	0.000	0.0	0.0		20:29:39:795		
000:02:23.000	113.8	70.4	27.8	113.8	0.0	0.0	0.0	0.000	0.000	0.000	0.0	0.0		20:29:39:995		
000:02:23.200	113.7	70.4	27.8	113.7	0.0	0.0	0.0	0.000	0.000	0.000	0.0	0.0		20:29:40:195		
000:02:23.400	113.4	70.4	27.8	113.4	0.0	0.0	0.0	0.000	0.000	0.000	0.0	0.0		20:29:40:395		
000:02:23.600	113.3	70.4	27.8	113.3	0.0	0.0	0.0	0.000	0.000	0.000	0.0	0.0		20:29:40:595		
000:02:23.800	113.1	70.4	27.8	113.1	0.0	0.0	0.0	0.000	0.000	0.000	0.0	0.0		20:29:40:795		
000:02:24.000	112.9	70.4	27.8	112.9	0.0	0.0	0.0	0.000	0.000	0.000	0.0	0.0		20:29:40:995		
000:02:24.200	112.7	70.4	27.8	112.7	0.0	0.0	0.0	0.000	0.000	0.000	0.0	0.0		20:29:41:195		
000:02:24.400	112.7	70.4	27.8	112.7	0.0	0.0	0.0	0.000	0.000	0.000	0.0	0.0		20:29:41:395		
000:02:24.600	112.6	70.4	27.8	112.7	0.0	0.0	0.0	0.000	0.000	0.000	0.0	0.0		20:29:41:595		
000:02:24.800	112.4	70.4	27.8	112.3	0.0	0.0	0.0	0.000	0.000	0.000	0.0	0.0		20:29:41:795		
000:02:25.000	112.2	70.4	27.8	112.2	0.0	0.0	0.0	0.000	0.000	0.000	0.0	0.0		20:29:41:995		
000:02:25.200	112.1	70.4	27.8	112.0	0.0	0.0	0.0	0.000	0.000	0.000	0.0	0.0		20:29:42:195		
000:02:25.400	111.8	70.4	27.8	111.8	0.0	0.0	0.0	0.000	0.000	0.000	0.0	0.0		20:29:42:395		
000:02:25.600	111.5	70.4	27.8	111.5	0.0	0.0	0.0	0.000	0.000	0.000	0.0	0.0		20:29:42:595		
000:02:25.800	111.4	70.4	27.8	111.4	0.0	0.0	0.0	0.000	0.000	0.000	0.0	0.0		20:29:42:795		
000:02:26.000	111.3	70.4	27.8	111.3	0.0	0.0	0.0	0.000	0.000	0.000	0.0	0.0		20:29:42:995		
000:02:26.200	111.0	70.4	27.8	111.0	0.0	0.0	0.0	0.000	0.000	0.000	0.0	0.0		20:29:43:195		
000:02:26.400	110.9	70.4	27.8	110.9	0.0	0.0	0.0	0.000	0.000	0.000	0.0	0.0		20:29:43:395		
000:02:26.600	110.8	70.4	27.8	110.8	0.0	0.0	0.0	0.000	0.000	0.000	0.0	0.0		20:29:43:595		
000:02:26.800	110.6	70.4	27.8	110.5	0.0	0.0	0.0	0.000	0.000	0.000	0.0	0.0		20:29:43:795		
000:02:27.000	110.5	70.4	27.8	110.4	0.0	0.0	0.0	0.000	0.000	0.000	0.0	0.0		20:29:43:995		
000:02:27.200	110.4	70.4	27.8	110.4	0.0	0.0	0.0	0.000	0.000	0.000	0.0	0.0		20:29:44:195		
000:02:27.400	110.3	70.4	27.8	110.3	0.0	0.0	0.0	0.000	0.000	0.000	0.0	0.0		20:29:44:395		
000:02:27.600	110.1	70.4	27.8	110.1	0.0	0.0	0.0	0.000	0.000	0.000	0.0	0.0		20:29:44:595		
000:02:27.800	109.9	70.4	27.8	109.9	0.0	0.0	0.0	0.000	0.000	0.000	0.0	0.0		20:29:44:795		
000:02:28.000	109.8	70.4	27.8	109.8	0.0	0.0	0.0	0.000	0.000	0.000	0.0	0.0		20:29:44:995		
000:02:28.200	109.7	70.4	27.8	109.7	0.0	0.0	0.0	0.000	0.000	0.000	0.0	0.0		20:29:45:195		
000:02:28.400	109.6	70.4	27.8	109.6	0.0	0.0	0.0	0.000	0.000	0.000	0.0	0.0		20:29:45:395		
000:02:28.600	109.5	70.5	27.8	109.5	0.0	0.0	0.0	0.000	0.000	0.000	0.0	0.0		20:29:45:595		
000:02:28.800	109.2	70.5	27.8	109.2	0.0	0.0	0.0	0.000	0.000	0.000	0.0	0.0		20:29:45:795		
000:02:29.000	109.1	70.5	27.8	109.1	0.0	0.0	0.0	0.000	0.000	0.000	0.0	0.0		20:29:45:995		
000:02:29.200	108.9	70.5	27.8	108.9	0.0	0.0	0.0	0.000	0.000	0.000	0.0	0.0		20:29:46:195		
000:02:29.400	108.7	70.5	27.8	108.7	0.0	0.0	0.0	0.000	0.000	0.000	0.0	0.0		20:29:46:395		
000:02:29.600	108.6	70.5	27.8	108.6	0.0	0.0	0.0	0.000	0.000	0.000	0.0	0.0		20:29:46:595		
000:02:29.800	108.5	70.5	27.8	108.4	0.0	0.0	0.0	0.000	0.000	0.000	0.0	0.0		20:29:46:795		
000:02:30.000	108.4	70.5	27.8	108.3	0.0	0.0	0.0	0.000	0.000	0.000	0.0	0.0		20:29:46:995		
000:02:30.200	108.2	70.5	27.8	108.1	0.0	0.0	0.0	0.000	0.000	0.000	0.0	0.0		20:29:47:195		
000:02:30.400	108.1	70.5	27.8	108.1	0.0	0.0	0.0	0.000	0.000	0.000	0.0	0.0		20:29:47:395		
000:02:30.600	108.0	70.5	27.8	108.0	0.0	0.0	0.0	0.000	0.000	0.000	0.0	0.0		20:29:47:595		
000:02:30.800	107.8	70.5	27.8	107.8	0.0	0.0	0.0	0.000	0.000	0.000	0.0	0.0		20:29:47:795		
000:02:31.000	107.8	70.5	27.8	107.8	0.0	0.0	0.0	0.000	0.000	0.000	0.0	0.0		20:29:47:995		
000:02:31.200	107.7	70.5	27.8	107.7	0.0	0.0	0.0	0.000	0.000	0.000	0.0	0.0		20:29:48:195		
000:02:31.400	107.6	70.5	27.8	107.5	0.0	0.0	0.0	0.000	0.000	0.000	0.0	0.0		20:29:48:395		
000:02:31.600	107.5	70.5	27.8	107.4	0.0	0.0	0.0	0.000	0.000	0.000	0.0	0.0		20:29:48:595		
000:02:31.800	107.3	70.5	27.8	107.3	0.0	0.0	0.0	0.000	0.000	0.000	0.0	0.0		20:29:48:795		
000:02:32.000	107.2	70.5	27.8	107.1	0.0	0.0	0.0	0.000	0.000	0.000	0.0	0.0		20:29:48:995		
000:02:32.200	107.1	70.5	27.8	107.1	0.0	0.0	0.0	0.000	0.000	0.000	0.0	0.0		20:29:49:195		
000:02:32.400	107.0	70.5	27.8	107.0	0.0	0.0	0.0	0.000	0.000	0.000	0.0	0.0		20:29:49:395		
000:02:32.600	106.7	70.5	27.8	106.8	0.0	0.0	0.0	0.000	0.000	0.000	0.0	0.0		20:29:49:595		
000:02:32.800	106.7	70.5	27.8	106.7	0.0	0.0	0.0	0.000	0.000	0.000	0.0	0.0		20:29:49:795		
000:02:33.000	106.7	70.5	27.8	106.6	0.0	0.0	0.0	0.000	0.000	0.000	0.0	0.0		20:29:49:995		
000:02:33.200	106.4	70.5	27.8	106.4	0.0	0.0	0.0	0.000	0.000	0.000	0.0	0.0		20:29:50:195		
000:02:33.400	106.2	70.5	27.8	106.2	0.0	0.0	0.0	0.000	0.000	0.000	0.0	0.0		20:29:50:395		
000:02:33.600	106.1	70.5	27.8	106.1	0.0	0.0	0.0	0.000	0.000	0.000	0.0	0.0		20:29:50:595		
000:02:33.800	106.0	70.5	27.8	105.9	0.0	0.0	0.0	0.000	0.000	0.000	0.0	0.0		20:29:50:795		
000:02:34.000	105.7	70.5	27.8	105.7	0.0	0.0	0.0	0.000	0.000	0.000	0.0	0.0		20:29:50:995		
000:02:34.200	105.6	70.5	27.8	105.6	0.0	0.0	0.0	0.000	0.000	0.000	0.0	0.0		20:29:51:195		
000:02:34.400	105.6	70.5	27.8	105.6	0.0	0.0	0.0	0.000	0.000	0.000	0.0	0.0		20:29:51:395		
000:02:34.600	105.4	70.5	27.8	105.5	0.0	0.0	0.0	0.000	0.000	0.000	0.0	0.0		20:29:51:595		
000:02:34.800	105.3	70.5	27.8	105.3	0.0	0.0	0.0	0.000	0.000	0.000	0.0	0.0		20:29:51:795		
000:02:35.000	105.3	70.5	27.8	105.2	0.0	0.0	0.0	0.000	0.000	0.000	0.0	0.0		20:29:51:995		
000:02:35.200	105.2	70.5	27.8	105.1	0.0	0.0	0.0	0.000	0.000	0.000	0.0	0.0		20:29:52:195		
000:02:35.400	104.9	70.5	27.8	104.9	0.0	0.0	0.0	0.000	0.000	0.000	0.0	0.0		20:29:52:395		
000:02:35.600	104.7	70.5	27.8	104.7	0.0	0.0	0.0	0.000	0.000	0.000	0.0	0.0		20:29:52:595		
000:02:35.800	104.7	70.5	27.8	104.7	0.0	0.0	0.0	0.000	0.000	0.000	0.0	0.0		20:29:52:795		
000:02:36.000	104.7	70.5	27.8	104.7	0.0	0.0	0.0	0.000	0.000	0.000	0.0	0.0		20:29:52:995		
000:02:36.200	104.4	70.5	27.8	104.4	0.0	0.0	0.0	0.000	0.000	0.000	0.0	0.0		20:29:53:195		
000:02:36.400	104.3	70.5	27.8	104.3	0.0	0.0	0.0	0.000	0.000	0.000	0.0	0.0		20:29:53:395		
000:02:36.600	104.2	70.5	27.8	104.2	0.0	0.0	0.0	0.000	0.000	0.000	0.0	0.0		20:29:53:595		
000:02:36.800	104.1	70.5	27.8	104.0	0.0	0.0	0.0	0.000	0.000	0.000	0.0	0.0		20:29:53:795		
000:02:37.000	103.8	70.5	27.8	103.8	0.0	0.0	0.0	0.000	0.000	0.000	0.0	0.0		20:29:53:995		
000:02:37.200	103.8	70.5	27.8	103.8	0.0	0.0	0.0	0.000	0.000	0.000	0.0	0.0		20:29:54:195		
000:02:37.400	103.8	70.5	27.8	103.8	0.0	0.0	0.0	0.000	0.000	0.000	0.0	0.0		20:29:54:395		
000:02:37.600	103.8	70.5	27.8	103.7	0.0	0.0	0.0	0.000	0.000	0.000	0.0	0.0		20:29:54:595		
000:02:37.800	103.6	70.5	27.8	103.6	0.0	0.0	0.0	0.000	0.000	0.000	0.0	0.0		20:29:54:795		
000:02:38.000	103.5	70.5	27.8	103.5	0.0	0.0	0.0	0.000	0.000	0.000	0.0	0.0		20:29:54:995		
000:02:38.200	103.5	70.5	27.8	103.5	0.0	0.0	0.0	0.000	0.000	0.000	0.0	0.0		20:29:55:195		
000:02:38.400	103.5	70.5	27.8	103.4	0.0	0.0	0.0	0.000	0.000	0.000	0.0	0.0		20:29:55:395		
000:02:38.600	103.3	70.5	27.8	103.3	0.0	0.0	0.0	0.000	0.000	0.000	0.0	0.0		20:29:55:595		
000:02:38.800	103.2	70.5	27.8	103.2	0.0	0.0	0.0	0.000	0.000	0.000	0.0	0.0		20:29:55:795		
000:02:39.000	103.1	70.5	27.8	103.1	0.0	0.0	0.0	0.000	0.000	0.000	0.0	0.0		20:29:55:995		
000:02:39.200	103.0	70.5	27.8	102.9	0.0	0.0	0.0	0.000	0.000	0.000	0.0	0.0		20:29:56:195		
000:02:39.400	102.8	70.5	27.8	102.8	0.0	0.0	0.0	0.000	0.000	0.000	0.0	0.0		20:29:56:395		
000:02:39.600	102.7	70.5	27.8	102.7	0.0	0.0	0.0	0.000	0.000	0.000	0.0	0.0		20:29:56:595		
000:02:39.800	102.7	70.5	27.8	102.7	0.0	0.0	0.0	0.000	0.000	0.000	0.0	0.0		20:29:56:795		
000:02:40.000	102.6	70.5	27.8	102.6	0.0	0.0	0.0	0.000	0.000	0.000	0.0	0.0		20:29:56:995		
000:02:40.200	102.4	70.5	27.8	102.5	0.0	0.0	0.0	0.000	0.000	0.000	0.0	0.0		20:29:57:195		
000:02:40.400	102.4	70.5	27.8	102.4	0.0	0.0	0.0	0.000	0.000	0.000	0.0	0.0		20:29:57:395		
000:02:40.600	102.4	70.5	27.8	102.3	0.0	0.0	0.0	0.000	0.000	0.000	0.0	0.0		20:29:57:595		
000:02:40.800	102.2	70.5	27.8	102.2	0.0	0.0	0.0	0.000	0.000	0.000	0.0	0.0		20:29:57:795		
000:02:41.000	102.0	70.5	27.8	102.0	0.0	0.0	0.0	0.000	0.000	0.000	0.0	0.0		20:29:57:995		
000:02:41.200	102.0	70.5	27.8	102.0	0.0	0.0	0.0	0.000	0.000	0.000	0.0	0.0		20:29:58:195		
000:02:41.400	101.9	70.5	27.8	101.9	0.0	0.0	0.0	0.000	0.000	0.000	0.0	0.0		20:29:58:395		
000:02:41.600	101.8	70.5	27.8	101.8	0.0	0.0	0.0	0.000	0.000	0.000	0.0	0.0		20:29:58:595		
000:02:41.800	101.7	70.5	27.8	101.7	0.0	0.0	0.0	0.000	0.000	0.000	0.0	0.0		20:29:58:795		
000:02:42.000	101.7	70.5	27.8	101.7	0.0	0.0	0.0	0.000	0.000	0.000	0.0	0.0		20:29:58:995		
000:02:42.200	101.6	70.5	27.8	101.6	0.0	0.0	0.0	0.000	0.000	0.000	0.0	0.0		20:29:59:195		
000:02:42.400	101.5	70.5	27.8	101.5	0.0	0.0	0.0	0.000	0.000	0.000	0.0	0.0		20:29:59:395		
000:02:42.600	101.4	70.5	27.8	101.3	0.0	0.0	0.0	0.000	0.000	0.000	0.0	0.0		20:29:59:595		
000:02:42.800	101.3	70.5	27.8	101.3	0.0	0.0	0.0	0.000	0.000	0.000	0.0	0.0		20:29:59:795		
000:02:43.000	101.1	70.5	27.8	101.2	0.0	0.0	0.0	0.000	0.000	0.000	0.0	0.0		20:29:59:995		
000:02:43.200	101.0	70.5	27.8	101.0	0.0	0.0	0.0	0.000	0.000	0.000	0.0	0.0		20:30:00:195		
000:02:43.400	100.9	70.5	27.8	100.9	0.0	0.0	0.0	0.000	0.000	0.000	0.0	0.0		20:30:00:395		
000:02:43.600	100.8	70.5	27.8	100.8	0.0	0.0	0.0	0.000	0.000	0.000	0.0	0.0		20:30:00:595		
000:02:43.800	100.8	70.5	27.8	100.8	0.0	0.0	0.0	0.000	0.000	0.000	0.0	0.0		20:30:00:795		
000:02:44.000	100.7	70.5	27.8	100.7	0.0	0.0	0.0	0.000	0.000	0.000	0.0	0.0		20:30:00:995		
000:02:44.200	100.6	70.5	27.8	100.6	0.0	0.0	0.0	0.000	0.000	0.000	0.0	0.0		20:30:01:195		
000:02:44.400	100.6	70.5	27.8	100.6	0.0	0.0	0.0	0.000	0.000	0.000	0.0	0.0		20:30:01:395		
000:02:44.600	100.5	70.5	27.8	100.5	0.0	0.0	0.0	0.000	0.000	0.000	0.0	0.0		20:30:01:595		
000:02:44.800	100.2	70.5	27.8	100.3	0.0	0.0	0.0	0.000	0.000	0.000	0.0	0.0		20:30:01:795		
000:02:45.000	100.1	70.5	27.8	100.2	0.0	0.0	0.0	0.000	0.000	0.000	0.0	0.0		20:30:01:995		
000:02:45.200	100.1	70.5	27.8	100.0	0.0	0.0	0.0	0.000	0.000	0.000	0.0	0.0		20:30:02:195		
000:02:45.400	99.9	70.5	27.8	99.9	0.0	0.0	0.0	0.000	0.000	0.000	0.0	0.0		20:30:02:395		
000:02:45.600	99.8	70.5	27.8	99.8	0.0	0.0	0.0	0.000	0.000	0.000	0.0	0.0		20:30:02:595		
000:02:45.800	99.8	70.5	27.8	99.8	0.0	0.0	0.0	0.000	0.000	0.000	0.0	0.0		20:30:02:795		
000:02:46.000	99.7	70.5	27.8	99.7	0.0	0.0	0.0	0.000	0.000	0.000	0.0	0.0		20:30:02:995		
000:02:46.200	99.7	70.5	27.8	99.7	0.0	0.0	0.0	0.000	0.000	0.000	0.0	0.0		20:30:03:195		
000:02:46.400	99.6	70.5	27.8	99.6	0.0	0.0	0.0	0.000	0.000	0.000	0.0	0.0		20:30:03:395		
000:02:46.600	99.5	70.5	27.8	99.5	0.0	0.0	0.0	0.000	0.000	0.000	0.0	0.0		20:30:03:595		
000:02:46.800	99.3	70.5	27.8	99.3	0.0	0.0	0.0	0.000	0.000	0.000	0.0	0.0		20:30:03:795		
000:02:47.000	99.1	70.5	27.8	99.1	0.0	0.0	0.0	0.000	0.000	0.000	0.0	0.0		20:30:03:995		
000:02:47.200	99.1	70.5	27.8	99.0	0.0	0.0	0.0	0.000	0.000	0.000	0.0	0.0		20:30:04:195		
000:02:47.400	99.0	70.5	27.8	98.9	0.0	0.0	0.0	0.000	0.000	0.000	0.0	0.0		20:30:04:395		
000:02:47.600	99.2	70.5	27.8	99.3	0.0	0.0	0.0	0.000	0.000	0.000	0.0	0.0		20:30:04:595		
000:02:47.800	99.3	70.5	27.8	99.3	0.0	0.0	0.0	0.000	0.000	0.000	0.0	0.0		20:30:04:795		
000:02:48.000	99.3	70.5	27.8	99.3	0.0	0.0	0.0	0.000	0.000	0.000	0.0	0.0		20:30:04:995		
000:02:48.200	99.4	70.5	27.8	99.4	0.0	0.0	0.0	0.000	0.000	0.000	0.0	0.0		20:30:05:195		
000:02:48.400	99.5	70.5	27.8	99.4	0.0	0.0	0.0	0.000	0.000	0.000	0.0	0.0		20:30:05:395		
000:02:48.600	99.2	70.5	27.8	99.2	0.0	0.0	0.0	0.000	0.000	0.000	0.0	0.0		20:30:05:595		
000:02:48.800	99.0	70.5	27.8	99.0	0.0	0.0	0.0	0.000	0.000	0.000	0.0	0.0		20:30:05:795		
000:02:49.000	98.8	70.5	27.8	98.8	0.0	0.0	0.0	0.000	0.000	0.000	0.0	0.0		20:30:05:995		
000:02:49.200	98.4	70.5	27.8	98.4	0.0	0.0	0.0	0.000	0.000	0.000	0.0	0.0		20:30:06:195		
000:02:49.400	97.9	70.5	27.8	97.9	0.0	0.0	0.0	0.000	0.000	0.000	0.0	0.0		20:30:06:395		
000:02:49.600	97.6	70.5	27.8	97.6	0.0	0.0	0.0	0.000	0.000	0.000	0.0	0.0		20:30:06:595		
000:02:49.800	97.4	70.5	27.8	97.4	0.0	0.0	0.0	0.000	0.000	0.000	0.0	0.0		20:30:06:795		
000:02:50.000	97.1	70.5	27.8	97.0	0.0	0.0	0.0	0.000	0.000	0.000	0.0	0.0		20:30:06:995		
000:02:50.200	93.0	70.5	27.8	93.2	0.0	0.0	0.0	0.000	0.000	0.000	0.0	0.0		20:30:07:195		
000:02:50.400	93.0	70.5	27.8	93.1	0.0	0.0	0.0	0.000	0.000	0.000	0.0	0.0		20:30:07:395		
000:02:50.600	93.0	70.5	27.8	93.0	0.0	0.0	0.0	0.000	0.000	0.000	0.0	0.0		20:30:07:595		
000:02:50.800	93.0	70.5	27.8	93.1	0.0	0.0	0.0	0.000	0.000	0.000	0.0	0.0		20:30:07:795		
000:02:51.000	93.2	70.5	27.8	93.2	0.0	0.0	0.0	0.000	0.000	0.000	0.0	0.0		20:30:07:995		
000:02:51.200	93.1	70.5	27.8	93.1	0.0	0.0	0.0	0.000	0.000	0.000	0.0	0.0		20:30:08:195		
000:02:51.400	93.0	70.5	27.8	93.1	0.0	0.0	0.0	0.000	0.000	0.000	0.0	0.0		20:30:08:395		
000:02:51.600	93.4	70.5	27.8	93.5	0.0	0.0	0.0	0.000	0.000	0.000	0.0	0.0		20:30:08:595		
000:02:51.800	93.5	70.5	27.8	93.6	0.0	0.0	0.0	0.000	0.000	0.000	0.0	0.0		20:30:08:795		
000:02:52.000	93.6	70.5	27.8	93.7	0.0	0.0	0.0	0.000	0.000	0.000	0.0	0.0		20:30:08:995		
000:02:52.200	94.1	70.5	27.8	94.2	0.0	0.0	0.0	0.000	0.000	0.000	0.0	0.0		20:30:09:195		
000:02:52.400	94.6	70.5	27.8	94.7	0.0	0.0	0.0	0.000	0.000	0.000	0.0	0.0		20:30:09:395		
000:02:52.600	94.8	70.5	27.8	94.9	0.0	0.0	0.0	0.000	0.000	0.000	0.0	0.0		20:30:09:595		
000:02:52.800	94.9	70.5	27.8	95.2	0.0	0.0	0.0	0.000	0.000	0.000	0.0	0.0		20:30:09:795		
---------------------------------
End of File
